YYYY MM DD     X              Y              Z        mX       mY     mZ
2019 3 31 3891059.13904 1298685.82323 4868052.43999 0.00036 0.00018 0.00044
2019 4 1 3891059.13944 1298685.82340 4868052.44241 0.00037 0.00018 0.00043
2019 4 2 3891059.13804 1298685.82208 4868052.43938 0.00040 0.00019 0.00047
2019 4 7 3891059.13356 1298685.81878 4868052.43292 0.00046 0.00023 0.00057
2019 4 8 3891059.13943 1298685.82173 4868052.44055 0.00046 0.00023 0.00056
2019 4 9 3891059.13631 1298685.82113 4868052.43789 0.00037 0.00017 0.00043
2019 4 10 3891059.13618 1298685.82135 4868052.43903 0.00054 0.00027 0.00062
2019 4 12 3891059.13010 1298685.82307 4868052.43831 0.00148 0.00147 0.00137
2019 4 13 3891059.13758 1298685.82248 4868052.44387 0.00061 0.00035 0.00072
2019 4 14 3891059.13122 1298685.82154 4868052.43417 0.00059 0.00039 0.00069
2019 4 15 3891059.13699 1298685.82232 4868052.43842 0.00043 0.00021 0.00052
2019 4 16 3891059.13303 1298685.82109 4868052.43533 0.00041 0.00020 0.00049
2019 4 17 3891059.13467 1298685.82211 4868052.43652 0.00057 0.00028 0.00068
2019 4 18 3891059.13562 1298685.82283 4868052.43900 0.00047 0.00023 0.00056
2019 4 19 3891059.13474 1298685.82239 4868052.43594 0.00048 0.00027 0.00057
2019 4 20 3891059.13595 1298685.82309 4868052.44126 0.00057 0.00031 0.00069
2019 4 21 3891059.13482 1298685.82303 4868052.43786 0.00059 0.00032 0.00068
2019 4 22 3891059.13154 1298685.82220 4868052.43537 0.00069 0.00042 0.00073
2019 4 23 3891059.13365 1298685.82170 4868052.43336 0.00047 0.00024 0.00057
2019 4 24 3891059.13229 1298685.82128 4868052.43316 0.00049 0.00024 0.00060
2019 4 25 3891059.13372 1298685.82134 4868052.43337 0.00053 0.00025 0.00062
2019 4 26 3891059.13279 1298685.81922 4868052.43255 0.00045 0.00023 0.00049
2019 4 27 3891059.13535 1298685.82303 4868052.43728 0.00048 0.00025 0.00058
2019 5 5 3891059.14181 1298685.82155 4868052.44460 0.00066 0.00060 0.00078
2019 5 6 3891059.13191 1298685.82407 4868052.43437 0.00056 0.00034 0.00066
2019 5 7 3891059.13532 1298685.82519 4868052.44232 0.00097 0.00087 0.00096
2019 5 8 3891059.12099 1298685.82792 4868052.42982 0.00140 0.00103 0.00103
2019 5 9 3891059.13521 1298685.81438 4868052.43311 0.00115 0.00118 0.00117
2019 5 10 3891059.12865 1298685.82403 4868052.43232 0.00091 0.00086 0.00097
2019 5 11 3891059.13589 1298685.82985 4868052.43954 0.00146 0.00148 0.00152
2019 5 12 3891059.13293 1298685.82528 4868052.43921 0.00066 0.00041 0.00074
2019 5 13 3891059.13047 1298685.82607 4868052.43435 0.00077 0.00052 0.00091
2019 5 14 3891059.14125 1298685.82524 4868052.44413 0.00139 0.00138 0.00132
2019 5 21 3891059.13344 1298685.82552 4868052.43355 0.00057 0.00028 0.00069
2019 5 22 3891059.13079 1298685.82228 4868052.43238 0.00049 0.00024 0.00058
2019 5 23 3891059.13064 1298685.82325 4868052.43216 0.00042 0.00021 0.00052
2019 5 24 3891059.12969 1298685.82083 4868052.43172 0.00067 0.00035 0.00081
2019 6 4 3891059.12434 1298685.83363 4868052.42850 0.00148 0.00115 0.00144
2019 6 5 3891059.13401 1298685.82477 4868052.43766 0.00093 0.00055 0.00104
2019 11 25 3891059.04450 1298685.81034 4868052.32182 0.00043 0.00022 0.00050
2019 11 26 3891059.05461 1298685.81418 4868052.33009 0.00040 0.00020 0.00049
2019 11 27 3891059.04698 1298685.81320 4868052.32381 0.00042 0.00021 0.00050
2019 11 28 3891059.04355 1298685.80931 4868052.31496 0.00042 0.00021 0.00052
2019 11 29 3891059.05465 1298685.81722 4868052.33096 0.00059 0.00031 0.00071
2019 12 1 3891059.03914 1298685.80872 4868052.31449 0.00066 0.00031 0.00073
2019 12 2 3891059.04104 1298685.80830 4868052.31634 0.00057 0.00028 0.00064
2019 12 3 3891059.04120 1298685.80722 4868052.31462 0.00049 0.00026 0.00057
2019 12 4 3891059.03525 1298685.80532 4868052.31204 0.00059 0.00030 0.00068
2019 12 5 3891059.03717 1298685.80672 4868052.31169 0.00055 0.00028 0.00065
2019 12 6 3891059.03945 1298685.80609 4868052.31015 0.00048 0.00026 0.00061
2019 12 7 3891059.03366 1298685.82038 4868052.31468 0.00048 0.00023 0.00055
2019 12 8 3891059.03533 1298685.80505 4868052.30751 0.00051 0.00025 0.00057
2019 12 9 3891059.03398 1298685.80473 4868052.30596 0.00048 0.00028 0.00053
2019 12 10 3891059.03299 1298685.80477 4868052.30657 0.00046 0.00024 0.00053
2019 12 11 3891059.03254 1298685.80539 4868052.30261 0.00049 0.00026 0.00057
2019 12 12 3891059.03586 1298685.80651 4868052.30683 0.00051 0.00030 0.00060
2019 12 13 3891059.03607 1298685.80459 4868052.30645 0.00055 0.00030 0.00062
2019 12 14 3891059.03293 1298685.80393 4868052.30040 0.00040 0.00022 0.00048
2019 12 15 3891059.02583 1298685.80379 4868052.29728 0.00078 0.00038 0.00087
2019 12 16 3891059.03190 1298685.80478 4868052.30388 0.00043 0.00020 0.00049
2019 12 17 3891059.02948 1298685.80100 4868052.29783 0.00057 0.00031 0.00061
2019 12 18 3891059.02163 1298685.80050 4868052.28928 0.00050 0.00025 0.00059
2019 12 19 3891059.03050 1298685.80261 4868052.29774 0.00042 0.00022 0.00050
2019 12 20 3891059.01854 1298685.80512 4868052.28586 0.00054 0.00027 0.00062
2019 12 21 3891059.02818 1298685.80266 4868052.29786 0.00046 0.00023 0.00054
2019 12 22 3891059.02493 1298685.80247 4868052.29212 0.00044 0.00025 0.00053
2019 12 23 3891059.02780 1298685.80106 4868052.29681 0.00043 0.00020 0.00052
2019 12 24 3891059.02288 1298685.79781 4868052.29156 0.00048 0.00027 0.00053
2019 12 25 3891059.02179 1298685.79855 4868052.28850 0.00042 0.00021 0.00049
2019 12 26 3891059.02107 1298685.79787 4868052.28949 0.00050 0.00024 0.00059
2019 12 27 3891059.01974 1298685.79801 4868052.28763 0.00038 0.00020 0.00046
2019 12 28 3891059.01780 1298685.79955 4868052.28277 0.00039 0.00019 0.00047
2019 12 29 3891059.01761 1298685.79883 4868052.28675 0.00041 0.00021 0.00050
2019 12 31 3891059.01523 1298685.79779 4868052.28157 0.00042 0.00021 0.00050
2020 1 1 3891059.01784 1298685.79710 4868052.28505 0.00048 0.00024 0.00057
2020 1 2 3891059.01763 1298685.79524 4868052.28213 0.00047 0.00023 0.00055
2020 1 3 3891059.01288 1298685.79649 4868052.27916 0.00045 0.00022 0.00052
2020 1 4 3891059.01601 1298685.79887 4868052.28327 0.00041 0.00020 0.00049
2020 1 5 3891059.01210 1298685.79631 4868052.27884 0.00045 0.00024 0.00054
2020 1 6 3891059.01038 1298685.79439 4868052.27789 0.00047 0.00025 0.00055
2020 1 7 3891059.00834 1298685.78432 4868052.27653 0.00047 0.00025 0.00056
2020 1 8 3891059.01371 1298685.79350 4868052.27774 0.00055 0.00029 0.00066
2020 1 9 3891059.00999 1298685.79439 4868052.27505 0.00046 0.00023 0.00055
2020 1 10 3891059.01131 1298685.79335 4868052.27544 0.00042 0.00023 0.00048
2020 1 11 3891059.00617 1298685.79205 4868052.26933 0.00039 0.00020 0.00047
2020 1 12 3891059.01020 1298685.79353 4868052.27375 0.00042 0.00021 0.00050
2020 1 13 3891059.00891 1298685.79300 4868052.27381 0.00045 0.00023 0.00053
2020 1 14 3891059.01148 1298685.79206 4868052.27670 0.00066 0.00033 0.00080
2020 1 16 3891059.00446 1298685.79221 4868052.26644 0.00044 0.00023 0.00052
2020 1 17 3891059.00339 1298685.78846 4868052.26628 0.00043 0.00022 0.00052
2020 1 18 3891059.00429 1298685.78857 4868052.26781 0.00046 0.00024 0.00054
2020 1 19 3891059.00340 1298685.78804 4868052.26607 0.00048 0.00024 0.00057
2020 1 20 3891058.99689 1298685.78779 4868052.25900 0.00043 0.00022 0.00050
2020 1 21 3891058.99750 1298685.78534 4868052.25806 0.00042 0.00021 0.00050
2020 1 22 3891058.99515 1298685.78416 4868052.25648 0.00049 0.00025 0.00059
2020 1 24 3891058.99554 1298685.78423 4868052.25561 0.00046 0.00023 0.00054
2020 1 25 3891058.99906 1298685.78441 4868052.25320 0.00047 0.00023 0.00056
2020 1 26 3891058.99229 1298685.77951 4868052.25126 0.00047 0.00024 0.00054
2020 1 28 3891058.98040 1298685.77622 4868052.24376 0.00054 0.00026 0.00065
2020 1 29 3891058.99509 1298685.77428 4868052.24941 0.00047 0.00024 0.00055
2020 1 30 3891058.99117 1298685.78081 4868052.25002 0.00043 0.00022 0.00051
2020 1 31 3891058.98867 1298685.78053 4868052.24572 0.00044 0.00023 0.00054
2020 2 1 3891058.98922 1298685.77991 4868052.24657 0.00058 0.00030 0.00070
2020 2 2 3891058.98894 1298685.77673 4868052.24165 0.00040 0.00020 0.00046
2020 2 3 3891058.98589 1298685.77557 4868052.24061 0.00039 0.00019 0.00045
2020 2 4 3891058.98942 1298685.77519 4868052.24630 0.00056 0.00028 0.00065
2020 2 5 3891058.99208 1298685.77708 4868052.24650 0.00042 0.00021 0.00050
2020 2 6 3891058.98307 1298685.77382 4868052.23654 0.00037 0.00019 0.00044
2020 2 7 3891058.98585 1298685.77360 4868052.24201 0.00035 0.00017 0.00043
2020 2 8 3891058.98262 1298685.77265 4868052.23630 0.00043 0.00022 0.00053
2020 2 9 3891058.98249 1298685.77318 4868052.23654 0.00043 0.00021 0.00050
2020 2 10 3891058.98310 1298685.77274 4868052.23299 0.00049 0.00025 0.00057
2020 2 11 3891058.97808 1298685.77059 4868052.22869 0.00046 0.00024 0.00054
2020 2 12 3891058.97706 1298685.76986 4868052.22662 0.00042 0.00021 0.00050
2020 2 13 3891058.97817 1298685.77063 4868052.22840 0.00043 0.00021 0.00051
2020 2 14 3891058.97897 1298685.76857 4868052.22890 0.00042 0.00021 0.00051
2020 2 15 3891058.97680 1298685.76832 4868052.22695 0.00039 0.00020 0.00047
2020 2 16 3891058.97386 1298685.76564 4868052.22370 0.00048 0.00024 0.00058
2020 2 17 3891058.97269 1298685.76467 4868052.21995 0.00044 0.00022 0.00053
2020 2 18 3891058.96548 1298685.76340 4868052.21223 0.00047 0.00023 0.00056
2020 2 19 3891058.97290 1298685.76490 4868052.22162 0.00047 0.00023 0.00055
2020 2 20 3891058.96412 1298685.76151 4868052.21167 0.00044 0.00022 0.00053
2020 2 21 3891058.96544 1298685.76216 4868052.21230 0.00044 0.00024 0.00053
2020 2 22 3891058.96473 1298685.75965 4868052.20982 0.00044 0.00021 0.00051
2020 2 23 3891058.96548 1298685.75795 4868052.21249 0.00048 0.00024 0.00056
2020 2 24 3891058.96728 1298685.76188 4868052.21391 0.00049 0.00024 0.00058
2020 2 25 3891058.96812 1298685.75854 4868052.21556 0.00044 0.00022 0.00053
2020 2 26 3891058.96689 1298685.75939 4868052.21116 0.00044 0.00022 0.00053
2020 2 27 3891058.96426 1298685.75751 4868052.20873 0.00038 0.00019 0.00046
2020 2 28 3891058.96247 1298685.75646 4868052.20593 0.00042 0.00020 0.00049
2020 2 29 3891058.96338 1298685.75620 4868052.20537 0.00040 0.00020 0.00048
2020 3 1 3891058.95862 1298685.75315 4868052.19870 0.00046 0.00022 0.00056
2020 3 2 3891058.96058 1298685.75489 4868052.20229 0.00051 0.00025 0.00060
2020 3 3 3891058.95810 1298685.75145 4868052.19868 0.00040 0.00020 0.00049
2020 3 4 3891058.96087 1298685.75265 4868052.20295 0.00050 0.00024 0.00060
2020 3 5 3891058.96017 1298685.75176 4868052.20104 0.00050 0.00024 0.00059
2020 3 6 3891058.96166 1298685.75290 4868052.20383 0.00056 0.00028 0.00065
2020 3 7 3891058.95498 1298685.75121 4868052.19367 0.00036 0.00018 0.00044
2020 3 8 3891058.95399 1298685.74924 4868052.19476 0.00039 0.00020 0.00046
2020 3 9 3891058.95528 1298685.74960 4868052.19398 0.00040 0.00019 0.00048
2020 3 10 3891058.94827 1298685.74761 4868052.18745 0.00059 0.00028 0.00066
2020 3 11 3891058.94320 1298685.74903 4868052.18117 0.00054 0.00027 0.00065
2020 3 12 3891058.94832 1298685.74738 4868052.18880 0.00067 0.00033 0.00079
2020 3 13 3891058.95056 1298685.74748 4868052.19339 0.00052 0.00025 0.00060
2020 3 14 3891058.94873 1298685.74674 4868052.18713 0.00051 0.00026 0.00061
2020 3 15 3891058.93867 1298685.74457 4868052.17780 0.00054 0.00026 0.00065
2020 3 17 3891058.93515 1298685.74203 4868052.17074 0.00056 0.00027 0.00067
2020 3 21 3891058.94253 1298685.74506 4868052.18145 0.00049 0.00028 0.00060
2020 3 22 3891058.94211 1298685.74014 4868052.17760 0.00053 0.00026 0.00062
2020 3 23 3891058.94110 1298685.74067 4868052.17608 0.00056 0.00028 0.00066
2020 3 24 3891058.93854 1298685.74088 4868052.17191 0.00039 0.00020 0.00048
2020 3 25 3891058.93826 1298685.73884 4868052.17201 0.00057 0.00027 0.00067
2020 3 26 3891058.94007 1298685.73672 4868052.17057 0.00055 0.00028 0.00065
2020 3 27 3891058.93733 1298685.74020 4868052.16693 0.00039 0.00019 0.00047
2020 3 28 3891058.93673 1298685.73846 4868052.16940 0.00080 0.00039 0.00097
2020 3 29 3891058.93069 1298685.73779 4868052.16160 0.00042 0.00020 0.00048
2020 3 30 3891058.93820 1298685.74282 4868052.17071 0.00059 0.00030 0.00073
2020 3 31 3891058.92731 1298685.73501 4868052.15342 0.00053 0.00026 0.00066
2020 4 1 3891058.93161 1298685.73552 4868052.15802 0.00041 0.00020 0.00049
2020 4 2 3891058.92926 1298685.73436 4868052.15536 0.00040 0.00019 0.00046
2020 4 3 3891058.92942 1298685.73357 4868052.15542 0.00060 0.00029 0.00071
2020 4 4 3891058.92724 1298685.73102 4868052.14990 0.00047 0.00024 0.00057
2020 4 5 3891058.92902 1298685.73184 4868052.15163 0.00058 0.00028 0.00069
2020 4 6 3891058.91324 1298685.72792 4868052.13789 0.00070 0.00038 0.00082
2020 4 7 3891058.91965 1298685.73030 4868052.14300 0.00282 0.00113 0.00277
2020 4 8 3891058.89995 1298685.72140 4868052.11847 0.00103 0.00063 0.00128
2020 4 9 3891058.91116 1298685.72726 4868052.13096 0.00096 0.00047 0.00109
2020 7 14 3891058.80959 1298685.68294 4868051.96334 0.00100 0.00049 0.00106
2020 7 15 3891058.80997 1298685.68278 4868051.96540 0.00063 0.00031 0.00072
2020 7 16 3891058.81586 1298685.68357 4868051.97030 0.00057 0.00028 0.00070
2020 7 17 3891058.80291 1298685.68239 4868051.95507 0.00063 0.00031 0.00073
2020 7 18 3891058.81436 1298685.67924 4868051.96909 0.00050 0.00026 0.00057
2020 7 19 3891058.81263 1298685.68202 4868051.96311 0.00060 0.00028 0.00069
2020 7 20 3891058.81657 1298685.68214 4868051.96865 0.00066 0.00032 0.00077
2020 7 21 3891058.81141 1298685.68302 4868051.96186 0.00060 0.00029 0.00069
2020 7 22 3891058.81200 1298685.68281 4868051.96374 0.00060 0.00030 0.00070
2020 7 23 3891058.81189 1298685.68259 4868051.96125 0.00053 0.00026 0.00063
2020 7 24 3891058.80911 1298685.67894 4868051.95427 0.00055 0.00028 0.00062
2020 7 25 3891058.80852 1298685.68307 4868051.95315 0.00054 0.00026 0.00062
2020 7 26 3891058.81043 1298685.68085 4868051.95451 0.00060 0.00029 0.00068
2020 7 27 3891058.80578 1298685.68193 4868051.95143 0.00058 0.00027 0.00064
2020 7 28 3891058.80675 1298685.67909 4868051.94956 0.00063 0.00029 0.00071
2020 7 29 3891058.80180 1298685.67800 4868051.94042 0.00087 0.00042 0.00103
2020 7 30 3891058.80318 1298685.67954 4868051.94450 0.00079 0.00040 0.00088
2020 7 31 3891058.80360 1298685.67943 4868051.94443 0.00058 0.00027 0.00066
2020 8 1 3891058.80803 1298685.68085 4868051.94708 0.00065 0.00032 0.00079
2020 8 2 3891058.80530 1298685.68332 4868051.94293 0.00068 0.00034 0.00080
2020 8 3 3891058.80065 1298685.67819 4868051.93751 0.00054 0.00027 0.00063
2020 8 4 3891058.80493 1298685.67784 4868051.94061 0.00060 0.00031 0.00070
2020 8 5 3891058.79816 1298685.67511 4868051.93634 0.00059 0.00029 0.00068
2020 8 6 3891058.79945 1298685.67905 4868051.93291 0.00074 0.00038 0.00086
2020 8 7 3891058.79679 1298685.67895 4868051.92854 0.00063 0.00032 0.00074
2020 8 9 3891058.79695 1298685.67948 4868051.92495 0.00076 0.00037 0.00088
2020 8 10 3891058.79642 1298685.68047 4868051.92860 0.00086 0.00043 0.00099
2020 8 11 3891058.79545 1298685.67916 4868051.92508 0.00069 0.00034 0.00080
2020 8 12 3891058.79649 1298685.67714 4868051.92454 0.00068 0.00034 0.00076
2020 8 13 3891058.79209 1298685.67816 4868051.91727 0.00069 0.00033 0.00078
2020 8 14 3891058.78959 1298685.67874 4868051.91173 0.00064 0.00032 0.00076
2020 8 15 3891058.79612 1298685.67773 4868051.91993 0.00059 0.00030 0.00069
2020 8 16 3891058.78834 1298685.67769 4868051.90988 0.00061 0.00029 0.00072
2020 8 17 3891058.78841 1298685.67624 4868051.90531 0.00065 0.00032 0.00078
2020 8 18 3891058.78911 1298685.67679 4868051.91164 0.00061 0.00033 0.00072
2020 8 19 3891058.79521 1298685.67577 4868051.90949 0.00061 0.00030 0.00070
2020 8 20 3891058.78792 1298685.67945 4868051.90563 0.00060 0.00029 0.00070
2020 8 21 3891058.78454 1298685.67669 4868051.90295 0.00073 0.00037 0.00084
2020 8 22 3891058.78595 1298685.67703 4868051.89851 0.00070 0.00035 0.00081
2020 8 23 3891058.78802 1298685.67697 4868051.90016 0.00067 0.00034 0.00075
2020 8 24 3891058.78506 1298685.67647 4868051.89683 0.00061 0.00031 0.00072
2020 8 25 3891058.79122 1298685.67891 4868051.90387 0.00059 0.00029 0.00070
2020 8 26 3891058.78344 1298685.67797 4868051.89266 0.00069 0.00033 0.00079
2020 8 27 3891058.78356 1298685.67698 4868051.89444 0.00057 0.00029 0.00066
2020 8 28 3891058.77597 1298685.67442 4868051.88432 0.00059 0.00030 0.00070
2020 8 29 3891058.77646 1298685.67121 4868051.88306 0.00061 0.00030 0.00070
2020 8 30 3891058.78157 1298685.67437 4868051.88965 0.00072 0.00039 0.00085
2020 8 31 3891058.78406 1298685.67699 4868051.88775 0.00059 0.00030 0.00072
2020 9 1 3891058.78517 1298685.67419 4868051.89023 0.00079 0.00041 0.00090
2020 9 2 3891058.78310 1298685.67496 4868051.88413 0.00055 0.00028 0.00064
2020 9 3 3891058.78067 1298685.67763 4868051.88494 0.00052 0.00027 0.00061
2020 9 4 3891058.77853 1298685.67639 4868051.88010 0.00058 0.00029 0.00068
2020 9 5 3891058.78005 1298685.67453 4868051.87675 0.00065 0.00032 0.00073
2020 9 6 3891058.78102 1298685.67565 4868051.88393 0.00052 0.00026 0.00060
2020 9 8 3891058.77488 1298685.67610 4868051.87040 0.00061 0.00028 0.00068
2020 9 9 3891058.77557 1298685.67574 4868051.86853 0.00050 0.00024 0.00059
2020 9 10 3891058.77557 1298685.67551 4868051.87138 0.00060 0.00031 0.00070
2020 9 11 3891058.77426 1298685.67661 4868051.86884 0.00059 0.00029 0.00067
2020 9 12 3891058.77254 1298685.67499 4868051.86382 0.00054 0.00027 0.00063
2020 9 13 3891058.76931 1298685.67493 4868051.85875 0.00076 0.00037 0.00090
2020 9 14 3891058.77342 1298685.67754 4868051.86192 0.00053 0.00027 0.00063
2020 9 15 3891058.77200 1298685.67903 4868051.85551 0.00064 0.00033 0.00075
2020 9 16 3891058.77173 1298685.67445 4868051.85530 0.00052 0.00026 0.00061
2020 9 17 3891058.76569 1298685.67448 4868051.85165 0.00059 0.00029 0.00070
2020 9 18 3891058.76553 1298685.67479 4868051.84873 0.00039 0.00018 0.00046
2020 9 19 3891058.76734 1298685.67791 4868051.84970 0.00045 0.00023 0.00053
2020 9 20 3891058.76489 1298685.67462 4868051.84507 0.00053 0.00028 0.00063
2020 9 21 3891058.76395 1298685.67323 4868051.84317 0.00054 0.00026 0.00063
2020 9 22 3891058.76644 1298685.67671 4868051.84304 0.00051 0.00025 0.00060
2020 9 23 3891058.76161 1298685.67494 4868051.83969 0.00052 0.00026 0.00062
2020 9 24 3891058.76445 1298685.67295 4868051.83653 0.00045 0.00022 0.00053
2020 9 25 3891058.76278 1298685.67650 4868051.83626 0.00049 0.00026 0.00057
2020 9 26 3891058.75793 1298685.66989 4868051.82874 0.00051 0.00026 0.00062
2020 9 27 3891058.76197 1298685.67365 4868051.83197 0.00061 0.00031 0.00074
2020 9 28 3891058.76315 1298685.68349 4868051.83261 0.00068 0.00038 0.00077
2020 9 29 3891058.76420 1298685.67428 4868051.83332 0.00052 0.00026 0.00059
2020 9 30 3891058.76383 1298685.67259 4868051.83193 0.00057 0.00029 0.00066
2020 10 1 3891058.76564 1298685.67455 4868051.83347 0.00056 0.00029 0.00066
2020 10 2 3891058.76296 1298685.67352 4868051.82695 0.00054 0.00027 0.00063
2020 10 3 3891058.76105 1298685.67407 4868051.81964 0.00049 0.00024 0.00058
2020 10 4 3891058.76249 1298685.67134 4868051.81756 0.00061 0.00032 0.00071
2020 10 5 3891058.76615 1298685.67531 4868051.82267 0.00048 0.00025 0.00055
2020 10 6 3891058.75843 1298685.67376 4868051.81513 0.00062 0.00031 0.00073
2020 10 7 3891058.75612 1298685.67274 4868051.81308 0.00044 0.00021 0.00051
2020 10 8 3891058.75353 1298685.67184 4868051.80755 0.00047 0.00024 0.00056
2020 10 10 3891058.75473 1298685.67193 4868051.80872 0.00054 0.00027 0.00064
2020 10 11 3891058.75400 1298685.66748 4868051.80735 0.00050 0.00027 0.00061
2020 10 12 3891058.75364 1298685.66558 4868051.80620 0.00066 0.00034 0.00078
2020 10 13 3891058.76099 1298685.67361 4868051.81621 0.00042 0.00022 0.00049
2020 10 14 3891058.75604 1298685.67092 4868051.80827 0.00042 0.00022 0.00049
2020 10 15 3891058.75781 1298685.67108 4868051.80707 0.00047 0.00023 0.00053
2020 10 16 3891058.75255 1298685.67298 4868051.80034 0.00050 0.00027 0.00057
2020 10 17 3891058.75388 1298685.67034 4868051.79814 0.00045 0.00023 0.00055
2020 10 18 3891058.75340 1298685.67076 4868051.79697 0.00047 0.00023 0.00055
2020 10 19 3891058.75032 1298685.67235 4868051.79482 0.00041 0.00019 0.00047
2020 10 20 3891058.74808 1298685.67073 4868051.79261 0.00037 0.00018 0.00043
2020 10 21 3891058.75132 1298685.67295 4868051.79479 0.00041 0.00020 0.00048
2020 10 22 3891058.74276 1298685.67085 4868051.78277 0.00050 0.00026 0.00059
2020 10 23 3891058.74290 1298685.67087 4868051.78042 0.00048 0.00022 0.00056
2020 10 24 3891058.74500 1298685.67098 4868051.78807 0.00059 0.00031 0.00070
2020 10 25 3891058.74931 1298685.67152 4868051.78175 0.00041 0.00021 0.00049
2020 10 26 3891058.73916 1298685.67060 4868051.77485 0.00042 0.00020 0.00051
2020 10 27 3891058.74234 1298685.67102 4868051.77679 0.00053 0.00025 0.00060
2020 10 28 3891058.74849 1298685.67460 4868051.78031 0.00049 0.00023 0.00056
2020 10 29 3891058.74407 1298685.67261 4868051.77574 0.00051 0.00024 0.00061
2020 10 30 3891058.74439 1298685.67051 4868051.77803 0.00055 0.00027 0.00062
2020 10 31 3891058.74267 1298685.66572 4868051.77483 0.00050 0.00025 0.00059
2020 11 1 3891058.74419 1298685.67137 4868051.77399 0.00049 0.00023 0.00059
2020 11 2 3891058.74294 1298685.66980 4868051.76822 0.00072 0.00044 0.00083
2020 11 3 3891058.74678 1298685.67151 4868051.77172 0.00046 0.00023 0.00057
2020 11 4 3891058.74096 1298685.67662 4868051.77175 0.00050 0.00027 0.00056
2020 11 5 3891058.73727 1298685.66261 4868051.76178 0.00044 0.00021 0.00051
2020 11 6 3891058.73931 1298685.66929 4868051.76292 0.00040 0.00020 0.00046
2020 11 7 3891058.74136 1298685.67143 4868051.76083 0.00043 0.00021 0.00052
2020 11 8 3891058.73689 1298685.67068 4868051.75340 0.00045 0.00021 0.00053
2020 11 9 3891058.73755 1298685.67097 4868051.75686 0.00043 0.00022 0.00053
2020 11 10 3891058.73542 1298685.67086 4868051.75314 0.00042 0.00021 0.00049
2020 11 11 3891058.73783 1298685.66913 4868051.75195 0.00040 0.00019 0.00048
2020 11 12 3891058.73510 1298685.66968 4868051.74874 0.00043 0.00021 0.00051
2020 11 13 3891058.73470 1298685.66962 4868051.74567 0.00045 0.00021 0.00052
2020 11 14 3891058.73558 1298685.66964 4868051.74601 0.00048 0.00023 0.00058
2020 11 15 3891058.73503 1298685.67023 4868051.74339 0.00044 0.00021 0.00053
2020 11 16 3891058.73492 1298685.66864 4868051.74224 0.00050 0.00023 0.00059
2020 11 17 3891058.72827 1298685.66701 4868051.73722 0.00041 0.00019 0.00048
2020 11 18 3891058.73041 1298685.66820 4868051.73387 0.00043 0.00021 0.00051
2020 11 19 3891058.72661 1298685.66508 4868051.72929 0.00069 0.00038 0.00078
2020 11 20 3891058.73118 1298685.66768 4868051.73492 0.00046 0.00023 0.00053
2020 11 21 3891058.72910 1298685.66717 4868051.72743 0.00045 0.00022 0.00055
2020 11 22 3891058.73044 1298685.66784 4868051.72863 0.00048 0.00023 0.00058
2020 11 23 3891058.73058 1298685.66733 4868051.72785 0.00054 0.00025 0.00062
2020 11 24 3891058.72774 1298685.66715 4868051.72250 0.00044 0.00021 0.00051
2020 11 25 3891058.72216 1298685.65907 4868051.71441 0.00063 0.00035 0.00073
2020 11 26 3891058.72738 1298685.66626 4868051.71901 0.00042 0.00021 0.00050
2020 11 27 3891058.73019 1298685.66817 4868051.72043 0.00041 0.00020 0.00049
2020 11 28 3891058.73286 1298685.66997 4868051.72363 0.00043 0.00021 0.00051
2020 11 29 3891058.73428 1298685.66729 4868051.72173 0.00044 0.00021 0.00055
2020 11 30 3891058.72670 1298685.66601 4868051.71460 0.00041 0.00019 0.00048
2020 12 1 3891058.72752 1298685.66527 4868051.71383 0.00041 0.00020 0.00048
2020 12 2 3891058.72809 1298685.66406 4868051.71058 0.00042 0.00021 0.00050
2020 12 3 3891058.72700 1298685.66279 4868051.70951 0.00046 0.00022 0.00054
2020 12 4 3891058.72168 1298685.66356 4868051.69954 0.00052 0.00026 0.00062
2020 12 5 3891058.71824 1298685.66373 4868051.69578 0.00057 0.00027 0.00066
2020 12 6 3891058.71110 1298685.66144 4868051.68556 0.00060 0.00028 0.00070
2020 12 7 3891058.71645 1298685.66029 4868051.68861 0.00056 0.00026 0.00065
2020 12 8 3891058.72484 1298685.66336 4868051.69981 0.00051 0.00026 0.00060
2020 12 9 3891058.71897 1298685.65726 4868051.69072 0.00050 0.00025 0.00060
2020 12 10 3891058.72521 1298685.66221 4868051.69743 0.00039 0.00019 0.00047
2020 12 11 3891058.72688 1298685.66382 4868051.69723 0.00042 0.00021 0.00049
2020 12 12 3891058.72838 1298685.66349 4868051.69454 0.00043 0.00022 0.00052
2020 12 13 3891058.72707 1298685.66396 4868051.69403 0.00041 0.00020 0.00050
2020 12 14 3891058.72274 1298685.66317 4868051.68611 0.00047 0.00024 0.00056
2020 12 15 3891058.71796 1298685.65437 4868051.68119 0.00061 0.00031 0.00072
2020 12 16 3891058.71741 1298685.65777 4868051.68021 0.00071 0.00045 0.00081
2020 12 17 3891058.72173 1298685.65716 4868051.68393 0.00045 0.00023 0.00053
2020 12 18 3891058.72127 1298685.65634 4868051.67828 0.00039 0.00019 0.00043
2020 12 19 3891058.71969 1298685.65825 4868051.67810 0.00044 0.00021 0.00052
2020 12 20 3891058.72075 1298685.66081 4868051.67556 0.00041 0.00020 0.00049
2020 12 21 3891058.72047 1298685.65829 4868051.67524 0.00041 0.00020 0.00050
2020 12 22 3891058.72049 1298685.65763 4868051.67503 0.00048 0.00026 0.00056
2020 12 23 3891058.71714 1298685.65127 4868051.66664 0.00046 0.00025 0.00055
2020 12 24 3891058.71460 1298685.65752 4868051.66814 0.00046 0.00022 0.00055
2020 12 25 3891058.71872 1298685.65787 4868051.67209 0.00039 0.00019 0.00046
2020 12 26 3891058.71286 1298685.65602 4868051.66142 0.00048 0.00022 0.00056
2020 12 27 3891058.70027 1298685.65251 4868051.64617 0.00059 0.00028 0.00069
2020 12 28 3891058.70529 1298685.65527 4868051.65037 0.00061 0.00029 0.00071
2020 12 29 3891058.70948 1298685.65464 4868051.65591 0.00065 0.00032 0.00073
2020 12 30 3891058.71167 1298685.65456 4868051.65951 0.00046 0.00022 0.00054
2020 12 31 3891058.71820 1298685.66146 4868051.65797 0.00050 0.00030 0.00057
2021 1 1 3891058.70847 1298685.65186 4868051.65769 0.00041 0.00020 0.00050
2021 1 2 3891058.71568 1298685.65384 4868051.65444 0.00041 0.00020 0.00050
2021 1 3 3891058.70973 1298685.65402 4868051.65047 0.00055 0.00026 0.00064
2021 1 4 3891058.71841 1298685.65912 4868051.65730 0.00050 0.00024 0.00059
2021 1 5 3891058.71600 1298685.65465 4868051.65934 0.00049 0.00026 0.00055
2021 1 6 3891058.71338 1298685.65376 4868051.65501 0.00042 0.00021 0.00050
2021 1 7 3891058.70572 1298685.65153 4868051.64705 0.00044 0.00021 0.00053
2021 1 8 3891058.71183 1298685.65355 4868051.65081 0.00050 0.00024 0.00059
2021 1 9 3891058.70658 1298685.65480 4868051.64502 0.00055 0.00026 0.00064
2021 1 10 3891058.70494 1298685.65214 4868051.63994 0.00049 0.00024 0.00060
2021 1 11 3891058.70005 1298685.65120 4868051.63494 0.00050 0.00023 0.00059
2021 1 12 3891058.70289 1298685.65108 4868051.63616 0.00051 0.00024 0.00060
2021 1 13 3891058.70141 1298685.65135 4868051.63523 0.00050 0.00024 0.00058
2021 1 14 3891058.71021 1298685.65314 4868051.64354 0.00046 0.00022 0.00053
2021 1 15 3891058.70471 1298685.64959 4868051.63717 0.00049 0.00024 0.00058
2021 1 16 3891058.70170 1298685.65010 4868051.63205 0.00047 0.00022 0.00055
2021 1 17 3891058.70978 1298685.65449 4868051.64420 0.00044 0.00024 0.00052
2021 1 18 3891058.71126 1298685.65143 4868051.64347 0.00042 0.00021 0.00051
2021 1 19 3891058.70701 1298685.65175 4868051.63929 0.00045 0.00022 0.00053
2021 1 20 3891058.70940 1298685.65065 4868051.63643 0.00054 0.00028 0.00064
2021 1 21 3891058.70736 1298685.65111 4868051.63553 0.00052 0.00027 0.00062
2021 1 22 3891058.70681 1298685.65295 4868051.63214 0.00056 0.00027 0.00066
2021 1 23 3891058.71637 1298685.65414 4868051.64202 0.00051 0.00026 0.00063
2021 1 24 3891058.71312 1298685.65104 4868051.64251 0.00048 0.00025 0.00057
2021 1 25 3891058.71090 1298685.65259 4868051.63701 0.00044 0.00024 0.00053
2021 1 26 3891058.71194 1298685.64943 4868051.63495 0.00041 0.00020 0.00048
2021 1 27 3891058.70773 1298685.64996 4868051.62979 0.00042 0.00020 0.00049
2021 1 28 3891058.71003 1298685.64975 4868051.63215 0.00041 0.00020 0.00049
2021 1 29 3891058.71497 1298685.65424 4868051.63415 0.00039 0.00020 0.00048
2021 1 30 3891058.70849 1298685.64935 4868051.62694 0.00042 0.00021 0.00052
2021 1 31 3891058.70586 1298685.64873 4868051.62561 0.00043 0.00022 0.00053
2021 2 1 3891058.70876 1298685.64963 4868051.62701 0.00045 0.00023 0.00053
2021 2 2 3891058.70857 1298685.64818 4868051.62384 0.00049 0.00027 0.00057
2021 2 3 3891058.71094 1298685.65053 4868051.62449 0.00059 0.00035 0.00067
2021 2 4 3891058.70786 1298685.64742 4868051.62369 0.00040 0.00019 0.00047
2021 2 5 3891058.70565 1298685.64750 4868051.61873 0.00040 0.00020 0.00048
2021 2 6 3891058.70345 1298685.64776 4868051.61866 0.00046 0.00030 0.00054
2021 2 7 3891058.70354 1298685.64805 4868051.61850 0.00065 0.00038 0.00070
2021 2 8 3891058.70635 1298685.64678 4868051.61932 0.00041 0.00021 0.00050
2021 2 9 3891058.70295 1298685.64402 4868051.61291 0.00041 0.00020 0.00051
2021 2 10 3891058.70596 1298685.64523 4868051.61666 0.00038 0.00018 0.00046
2021 2 11 3891058.70674 1298685.64532 4868051.61755 0.00034 0.00016 0.00039
2021 2 12 3891058.70451 1298685.64244 4868051.61227 0.00046 0.00026 0.00052
2021 2 13 3891058.70249 1298685.64468 4868051.60957 0.00041 0.00020 0.00048
2021 2 14 3891058.70056 1298685.64450 4868051.60887 0.00049 0.00026 0.00054
2021 2 15 3891058.69897 1298685.64386 4868051.60470 0.00049 0.00026 0.00057
2021 2 16 3891058.70046 1298685.64409 4868051.60442 0.00061 0.00033 0.00066
2021 2 17 3891058.70251 1298685.64397 4868051.60751 0.00046 0.00023 0.00054
2021 2 18 3891058.70013 1298685.64466 4868051.60402 0.00066 0.00035 0.00077
2021 2 19 3891058.69976 1298685.64112 4868051.59719 0.00045 0.00022 0.00054
2021 2 20 3891058.69964 1298685.63652 4868051.59518 0.00044 0.00022 0.00051
2021 2 21 3891058.69774 1298685.64319 4868051.59587 0.00050 0.00027 0.00056
2021 2 22 3891058.69757 1298685.64101 4868051.59763 0.00061 0.00030 0.00069
2021 2 23 3891058.69884 1298685.63098 4868051.59592 0.00058 0.00030 0.00065
2021 2 24 3891058.70049 1298685.63952 4868051.59470 0.00041 0.00020 0.00050
2021 2 25 3891058.69895 1298685.63904 4868051.58979 0.00040 0.00020 0.00050
2021 2 26 3891058.70294 1298685.64185 4868051.59766 0.00045 0.00023 0.00055
2021 2 27 3891058.69519 1298685.64304 4868051.59240 0.00064 0.00035 0.00067
2021 2 28 3891058.69879 1298685.63661 4868051.58937 0.00048 0.00023 0.00054
2021 3 1 3891058.69784 1298685.63803 4868051.58756 0.00048 0.00024 0.00057
2021 3 2 3891058.69936 1298685.63971 4868051.59231 0.00044 0.00022 0.00053
2021 3 3 3891058.69840 1298685.63802 4868051.58586 0.00044 0.00020 0.00051
2021 3 4 3891058.69788 1298685.63689 4868051.58418 0.00042 0.00022 0.00052
2021 3 5 3891058.70017 1298685.63554 4868051.58601 0.00040 0.00021 0.00049
2021 3 6 3891058.69678 1298685.63512 4868051.58238 0.00037 0.00018 0.00044
2021 3 7 3891058.69575 1298685.63464 4868051.58074 0.00037 0.00018 0.00042
2021 3 8 3891058.69554 1298685.63434 4868051.58001 0.00035 0.00017 0.00041
2021 3 9 3891058.69453 1298685.63496 4868051.57806 0.00040 0.00020 0.00047
2021 3 10 3891058.69663 1298685.63518 4868051.57764 0.00034 0.00016 0.00039
2021 3 11 3891058.69750 1298685.63523 4868051.57442 0.00047 0.00023 0.00057
2021 3 12 3891058.68252 1298685.62726 4868051.56342 0.00074 0.00035 0.00080
2021 3 13 3891058.69406 1298685.63245 4868051.57168 0.00048 0.00025 0.00057
2021 3 14 3891058.69540 1298685.63703 4868051.57574 0.00053 0.00027 0.00062
2021 3 15 3891058.69624 1298685.63603 4868051.57575 0.00047 0.00023 0.00058
2021 3 16 3891058.68898 1298685.63775 4868051.56998 0.00051 0.00026 0.00056
2021 3 17 3891058.69758 1298685.63227 4868051.57348 0.00041 0.00021 0.00050
2021 3 18 3891058.69588 1298685.63552 4868051.57096 0.00040 0.00020 0.00050
2021 3 19 3891058.70183 1298685.63594 4868051.57549 0.00042 0.00020 0.00050
2021 3 20 3891058.69332 1298685.63234 4868051.56530 0.00040 0.00019 0.00047
2021 3 21 3891058.69570 1298685.63535 4868051.56698 0.00049 0.00023 0.00060
2021 3 22 3891058.69540 1298685.63055 4868051.56611 0.00051 0.00025 0.00062
2021 3 23 3891058.69246 1298685.63069 4868051.56389 0.00043 0.00023 0.00051
2021 3 24 3891058.69184 1298685.63040 4868051.56022 0.00042 0.00020 0.00050
2021 3 25 3891058.69248 1298685.62909 4868051.55905 0.00045 0.00022 0.00056
2021 3 26 3891058.69233 1298685.62906 4868051.55750 0.00048 0.00026 0.00057
2021 3 27 3891058.69045 1298685.62675 4868051.55424 0.00048 0.00024 0.00059
2021 3 28 3891058.69011 1298685.62791 4868051.55204 0.00044 0.00021 0.00052
2021 3 29 3891058.68796 1298685.62598 4868051.54850 0.00048 0.00026 0.00055
2021 3 30 3891058.68801 1298685.62760 4868051.54814 0.00049 0.00025 0.00057
2021 3 31 3891058.67324 1298685.62159 4868051.52911 0.00095 0.00066 0.00118
