YYYY1	MM1	DD1	YYYY2	MM2	DD2	DSP	INC_ANG	HEAD_ANG	ERROR
2019	2	9	2019	2	15	-0.0155	0.7665613	-2.8803106	0.0051
2019	2	15	2019	2	21	0.0030	0.7666596	-2.8803207	0.0065
2019	2	21	2019	2	27	0.0008	0.7664616	-2.8803176	0.0061
2019	2	27	2019	3	5	-0.0006	0.7666256	-2.8803170	0.0064
2019	3	5	2019	3	11	-0.0054	0.7664389	-2.8803202	0.0053
2019	3	11	2019	3	17	-0.0005	0.7666344	-2.8803089	0.0068
2019	3	17	2019	3	23	-0.0009	0.7665853	-2.8803167	0.0042
2019	3	23	2019	3	29	0.0000	0.7666205	-2.8803115	0.0056
2019	3	29	2019	4	4	-0.0031	0.7665997	-2.8803188	0.0041
2019	4	4	2019	4	10	0.0012	0.7665382	-2.8803240	0.0065
2019	4	10	2019	4	16	-0.0015	0.7666309	-2.8803214	0.0031
2019	4	16	2019	4	22	0.0007	0.7665785	-2.8803219	0.0045
2019	4	22	2019	4	28	-0.0078	0.7665126	-2.8803052	0.0055
2019	4	28	2019	5	4	0.0002	0.7666257	-2.8803193	0.0055
2019	5	4	2019	5	10	-0.0004	0.7664599	-2.8803173	0.0068
2019	5	10	2019	5	16	-0.0001	0.7667552	-2.8803110	0.0060
2019	5	16	2019	5	22	-0.0013	0.7665118	-2.8810551	0.0053
2019	5	22	2019	5	28	-0.0059	0.7665267	-2.8810515	0.0070
2019	5	28	2019	6	3	-0.0045	0.7665588	-2.8810530	0.0053
2019	6	3	2019	6	9	0.0027	0.7665023	-2.8810449	0.0055
2019	6	9	2019	6	15	-0.0063	0.7666586	-2.8810477	0.0038
2019	6	15	2019	6	21	0.0084	0.7665220	-2.8810545	0.0046
2019	6	21	2019	6	27	-0.0149	0.7666056	-2.8810408	0.0052
2019	6	27	2019	7	3	0.0056	0.7666647	-2.8810518	0.0062
2019	7	3	2019	7	9	-0.0088	0.7665450	-2.8810491	0.0054
2019	7	9	2019	7	15	0.0088	0.7665863	-2.8810440	0.0044
2019	7	15	2019	7	21	-0.0194	0.7665604	-2.8810494	0.0038
2019	7	21	2019	7	27	-0.0049	0.7666148	-2.8810334	0.0045
2019	7	27	2019	8	2	-0.0068	0.7666433	-2.8810448	0.0062
2019	8	2	2019	8	8	-0.0007	0.7665901	-2.8810416	0.0046
2019	8	8	2019	8	14	-0.0135	0.7666361	-2.8810332	0.0049
2019	8	14	2019	8	20	-0.0003	0.7665831	-2.8810452	0.0064
2019	8	20	2019	8	26	-0.0064	0.7665705	-2.8810368	0.0044
2019	8	26	2019	9	1	-0.0106	0.7666304	-2.8810457	0.0065
2019	9	1	2019	9	7	-0.0079	0.7665764	-2.8810407	0.0046
2019	9	7	2019	9	13	-0.0088	0.7666365	-2.8810350	0.0049
2019	9	13	2019	9	19	0.0044	0.7666087	-2.8810472	0.0066
2019	9	19	2019	9	25	-0.0079	0.7666168	-2.8810418	0.0039
2019	9	25	2019	10	1	-0.0032	0.7665528	-2.8810457	0.0045
2019	10	1	2019	10	7	-0.0063	0.7665381	-2.8810372	0.0037
2019	10	7	2019	10	13	-0.0092	0.7666337	-2.8810394	0.0040
2019	10	13	2019	10	19	-0.0081	0.7665726	-2.8810431	0.0051
2019	10	19	2019	10	25	-0.0070	0.7666268	-2.8810356	0.0063
2019	10	25	2019	10	31	-0.0096	0.7665980	-2.8810456	0.0033
2019	10	31	2019	11	6	-0.0073	0.7665566	-2.8803121	0.0043
2019	11	6	2019	11	18	-0.0116	0.7666446	-2.8795724	0.0060
2019	11	18	2019	11	24	-0.0091	0.7665856	-2.8803113	0.0043
2019	11	24	2019	11	30	-0.0070	0.7665417	-2.8803239	0.0035
2019	11	30	2019	12	6	-0.0131	0.7665333	-2.8803105	0.0056
2019	12	6	2019	12	12	-0.0024	0.7666438	-2.8803173	0.0034
2019	12	12	2019	12	18	-0.0037	0.7665021	-2.8803175	0.0057
2019	12	18	2019	12	24	-0.0063	0.7666012	-2.8803159	0.0039
2019	12	24	2019	12	30	-0.0056	0.7665313	-2.8803261	0.0054
2019	12	30	2020	1	5	-0.0041	0.7665273	-2.8810462	0.0039
2020	1	5	2020	1	11	-0.0035	0.7666337	-2.8836468	0.0042
2020	1	11	2020	1	17	-0.0045	0.7664695	-2.8836468	0.0050
2020	1	17	2020	1	23	0.0015	0.7666717	-2.8836375	0.0039
2020	1	23	2020	1	29	-0.0043	0.7665138	-2.8836375	0.0051
2020	1	29	2020	2	4	0.0004	0.7666104	-2.8836204	0.0050
2020	2	4	2020	2	10	-0.0076	0.7666344	-2.8836204	0.0037
2020	2	10	2020	2	16	-0.0096	0.7664807	-2.8836028	0.0054
2020	2	16	2020	2	22	0.0004	0.7666905	-2.8836028	0.0044
2020	2	22	2020	2	28	0.0005	0.7665516	-2.8836211	0.0064
2020	2	28	2020	3	5	-0.0025	0.7666547	-2.8836211	0.0047
2020	3	5	2020	3	11	0.0013	0.7666638	-2.8836379	0.0061
2020	3	11	2020	3	17	-0.0020	0.7665392	-2.8836379	0.0062
2020	3	17	2020	3	23	-0.0013	0.7666920	-2.8836413	0.0051
2020	3	23	2020	3	29	-0.0083	0.7665413	-2.8836413	0.0072
2020	3	29	2020	4	4	0.0001	0.7666638	-2.8836274	0.0061
2020	4	4	2020	4	10	0.0000	0.7666380	-2.8836274	0.0057
2020	4	10	2020	4	16	0.0017	0.7666436	-2.8836106	0.0048
2020	4	16	2020	4	22	-0.0038	0.7666837	-2.8836106	0.0062
2020	4	22	2020	4	28	0.0010	0.7665488	-2.8836056	0.0051
2020	4	28	2020	5	4	-0.0109	0.7666845	-2.8836056	0.0052
2020	5	4	2020	5	10	0.0057	0.7666068	-2.8836182	0.0063
2020	5	10	2020	5	16	-0.0015	0.7667004	-2.8836149	0.0057
2020	5	16	2020	5	22	-0.0044	0.7667206	-2.8836196	0.0053
2020	5	22	2020	5	28	-0.0051	0.7666399	-2.8836164	0.0061
2020	5	28	2020	6	3	0.0016	0.7667314	-2.8836201	0.0045
2020	6	3	2020	6	9	-0.0010	0.7666464	-2.8836339	0.0048
2020	6	9	2020	6	15	-0.0069	0.7666386	-2.8836295	0.0068
2020	6	15	2020	6	21	0.0215	0.7666174	-2.8836358	0.0068
2020	6	21	2020	6	27	0.0074	0.7665767	-2.8836296	0.0050
2020	6	27	2020	7	3	-0.0006	0.7667067	-2.8836283	0.0058
2020	7	3	2020	7	9	0.0023	0.7666256	-2.8836356	0.0066
2020	7	9	2020	7	15	-0.0139	0.7666740	-2.8836224	0.0073
2020	7	15	2020	7	21	-0.0023	0.7666934	-2.8836287	0.0063
2020	7	21	2020	7	27	-0.0014	0.7665891	-2.8836288	0.0055
2020	7	27	2020	8	2	0.0060	0.7666689	-2.8836310	0.0050
2020	8	2	2020	8	8	-0.0040	0.7665549	-2.8836319	0.0048
2020	8	8	2020	8	14	0.0054	0.7666322	-2.8836135	0.0047
2020	8	14	2020	8	20	0.0120	0.7666763	-2.8836286	0.0057
2020	8	20	2020	8	26	0.0042	0.7666299	-2.8836279	0.0056
2020	8	26	2020	9	1	-0.0041	0.7666570	-2.8836189	0.0053
2020	9	1	2020	9	7	0.0054	0.7666160	-2.8836281	0.0070
2020	9	7	2020	9	13	0.0016	0.7666090	-2.8836198	0.0070
2020	9	13	2020	9	19	-0.0049	0.7666209	-2.8836297	0.0048
2020	9	19	2020	9	25	0.0018	0.7665829	-2.8836251	0.0048
2020	9	25	2020	10	1	-0.0076	0.7666496	-2.8836208	0.0063
2020	10	1	2020	10	13	0.0041	0.7665998	-2.8819012	0.0063
2020	10	13	2020	10	19	0.0006	0.7666069	-2.8810402	0.0052
2020	10	19	2020	10	25	-0.0082	0.7666498	-2.8810349	0.0068
2020	10	25	2020	10	31	0.0005	0.7666676	-2.8810413	0.0053
2020	10	31	2020	11	6	-0.0009	0.7665885	-2.8810482	0.0045
2020	11	6	2020	11	12	-0.0021	0.7666039	-2.8810338	0.0036
2020	11	12	2020	11	18	0.0012	0.7666485	-2.8810374	0.0056
2020	11	18	2020	11	24	0.0007	0.7665735	-2.8810584	0.0053
2020	11	24	2020	11	30	-0.0035	0.7666399	-2.8810736	0.0060
2020	11	30	2020	12	6	-0.0020	0.7665803	-2.8810766	0.0049
2020	12	6	2020	12	12	0.0005	0.7666076	-2.8810680	0.0036
2020	12	12	2020	12	18	0.0003	0.7665769	-2.8810716	0.0049
2020	12	18	2020	12	24	-0.0016	0.7665406	-2.8810591	0.0055
2020	12	24	2020	12	30	0.0002	0.7666514	-2.8810669	0.0061
2020	12	30	2021	1	5	0.0027	0.7665127	-2.8810616	0.0064