YYYY1	MM1	DD1	YYYY2	MM2	DD2	DSP	INC_ANG	HEAD_ANG	ERROR		
2019	2	9	2019	2	15	-0.0119	0.7665793	-2.8803106	0.0048		
2019	2	15	2019	2	21	0.0011	0.7666774	-2.8803207	0.0046		
2019	2	21	2019	2	27	0.0000	0.7664791	-2.8803176	0.0044		
2019	2	27	2019	3	5	0.0009	0.7666431	-2.8803170	0.0047		
2019	3	5	2019	3	11	-0.0029	0.7664565	-2.8803202	0.0030		
2019	3	11	2019	3	17	0.0007	0.7666523	-2.8803089	0.0031		
2019	3	17	2019	3	23	-0.0003	0.7666036	-2.8803167	0.0032		
2019	3	23	2019	3	29	-0.0002	0.7666387	-2.8803115	0.0049		
2019	3	29	2019	4	4	-0.0025	0.7666180	-2.8803188	0.0030		
2019	4	4	2019	4	10	-0.0002	0.7665605	-2.8803240	0.0040		
2019	4	10	2019	4	16	-0.0048	0.7666487	-2.8803214	0.0033		
2019	4	16	2019	4	22	0.0016	0.7665967	-2.8803219	0.0049		
2019	4	22	2019	4	28	-0.0069	0.7665344	-2.8803052	0.0033		
2019	4	28	2019	5	4	-0.0035	0.7666434	-2.8803193	0.0058		
2019	5	4	2019	5	10	-0.0055	0.7664777	-2.8803173	0.0056		
2019	5	10	2019	5	16	-0.0032	0.7667732	-2.8803110	0.0049		
2019	5	16	2019	5	22	-0.0009	0.7665342	-2.8810551	0.0055		
2019	5	22	2019	5	28	-0.0078	0.7665487	-2.8810515	0.0064		
2019	5	28	2019	6	3	-0.0033	0.7665815	-2.8810530	0.0060		
2019	6	3	2019	6	9	0.0061	0.7665197	-2.8810449	0.0049		
2019	6	9	2019	6	15	-0.0084	0.7666763	-2.8810477	0.0035		
2019	6	15	2019	6	21	0.0096	0.7665402	-2.8810545	0.0034		
2019	6	21	2019	6	27	-0.0133	0.7666237	-2.8810408	0.0034		
2019	6	27	2019	7	3	0.0023	0.7666829	-2.8810518	0.0072		
2019	7	3	2019	7	9	-0.0084	0.7665624	-2.8810491	0.0042		
2019	7	9	2019	7	15	0.0105	0.7666042	-2.8810440	0.0036		
2019	7	15	2019	7	21	-0.0174	0.7665833	-2.8810494	0.0044		
2019	7	21	2019	7	27	-0.0058	0.7666334	-2.8810334	0.0036		
2019	7	27	2019	8	2	-0.0005	0.7666609	-2.8810448	0.0042		
2019	8	2	2019	8	8	0.0037	0.7666078	-2.8810416	0.0036		
2019	8	8	2019	8	14	-0.0160	0.7666540	-2.8810332	0.0040		
2019	8	14	2019	8	20	0.0021	0.7666009	-2.8810452	0.0047		
2019	8	20	2019	8	26	-0.0046	0.7665886	-2.8810368	0.0047		
2019	8	26	2019	9	1	-0.0066	0.7666478	-2.8810457	0.0041		
2019	9	1	2019	9	7	-0.0042	0.7665947	-2.8810407	0.0046		
2019	9	7	2019	9	13	-0.0071	0.7666546	-2.8810350	0.0040		
2019	9	13	2019	9	19	-0.0039	0.7666261	-2.8810472	0.0044		
2019	9	19	2019	9	25	-0.0103	0.7666357	-2.8810418	0.0045		
2019	9	25	2019	10	1	-0.0039	0.7665707	-2.8810457	0.0032		
2019	10	1	2019	10	7	-0.0087	0.7665567	-2.8810372	0.0045		
2019	10	7	2019	10	13	-0.0033	0.7666520	-2.8810394	0.0049		
2019	10	13	2019	10	19	-0.0085	0.7665907	-2.8810431	0.0051		
2019	10	19	2019	10	25	-0.0076	0.7666445	-2.8810356	0.0037		
2019	10	25	2019	10	31	-0.0104	0.7666163	-2.8810456	0.0034		
2019	10	31	2019	11	6	-0.0076	0.7665750	-2.8803121	0.0039		
2019	11	6	2019	11	18	-0.0133	0.7666622	-2.8795724	0.0041		
2019	11	18	2019	11	24	-0.0083	0.7666036	-2.8803113	0.0033		
2019	11	24	2019	11	30	-0.0068	0.7665598	-2.8803239	0.0029		
2019	11	30	2019	12	6	-0.0100	0.7665508	-2.8803105	0.0042		
2019	12	6	2019	12	12	-0.0015	0.7666624	-2.8803173	0.0036		
2019	12	12	2019	12	18	-0.0060	0.7665197	-2.8803175	0.0039		
2019	12	18	2019	12	24	-0.0069	0.7666193	-2.8803159	0.0032		
2019	12	24	2019	12	30	-0.0043	0.7665496	-2.8803261	0.0039		
2019	12	30	2020	1	5	-0.0022	0.7665460	-2.8810462	0.0059		
2020	1	5	2020	1	11	-0.0036	0.7666518	-2.8836468	0.0043		
2020	1	11	2020	1	17	-0.0031	0.7664877	-2.8836468	0.0050		
2020	1	17	2020	1	23	0.0003	0.7666895	-2.8836375	0.0034		
2020	1	23	2020	1	29	-0.0035	0.7665319	-2.8836375	0.0048		
2020	1	29	2020	2	4	0.0031	0.7666283	-2.8836204	0.0044		
2020	2	4	2020	2	10	0.0015	0.7666527	-2.8836204	0.0043		
2020	2	10	2020	2	16	-0.0092	0.7664982	-2.8836028	0.0033		
2020	2	16	2020	2	22	0.0019	0.7667083	-2.8836028	0.0025		
2020	2	22	2020	2	28	-0.0001	0.7665690	-2.8836211	0.0037		
2020	2	28	2020	3	5	-0.0020	0.7666731	-2.8836211	0.0050		
2020	3	5	2020	3	11	0.0001	0.7666827	-2.8836379	0.0057		
2020	3	11	2020	3	17	-0.0026	0.7665568	-2.8836379	0.0040		
2020	3	17	2020	3	23	0.0007	0.7667107	-2.8836413	0.0060		
2020	3	23	2020	3	29	0.0013	0.7665585	-2.8836413	0.0044		
2020	3	29	2020	4	4	-0.0010	0.7666861	-2.8836274	0.0041		
2020	4	4	2020	4	10	0.0003	0.7666556	-2.8836274	0.0025		
2020	4	10	2020	4	16	0.0014	0.7666668	-2.8836106	0.0048		
2020	4	16	2020	4	22	-0.0037	0.7667017	-2.8836106	0.0045		
2020	4	22	2020	4	28	0.0003	0.7665666	-2.8836056	0.0050		
2020	4	28	2020	5	4	-0.0090	0.7667024	-2.8836056	0.0050		
2020	5	4	2020	5	10	0.0044	0.7666241	-2.8836182	0.0034		
2020	5	10	2020	5	16	-0.0014	0.7667192	-2.8836149	0.0055		
2020	5	16	2020	5	22	-0.0020	0.7667383	-2.8836196	0.0048		
2020	5	22	2020	5	28	-0.0009	0.7666580	-2.8836164	0.0060		
2020	5	28	2020	6	3	0.0024	0.7667497	-2.8836201	0.0049		
2020	6	3	2020	6	9	-0.0005	0.7666638	-2.8836339	0.0059		
2020	6	9	2020	6	15	0.0000	0.7666620	-2.8836295	0.0074		
2020	6	15	2020	6	21	0.0021	0.7666346	-2.8836358	0.0064		
2020	6	21	2020	6	27	0.0083	0.7665942	-2.8836296	0.0054		
2020	6	27	2020	7	3	-0.0045	0.7667253	-2.8836283	0.0057		
2020	7	3	2020	7	9	0.0053	0.7666434	-2.8836356	0.0051		
2020	7	9	2020	7	15	-0.0098	0.7666960	-2.8836224	0.0043		
2020	7	15	2020	7	21	-0.0059	0.7667160	-2.8836287	0.0061		
2020	7	21	2020	7	27	-0.0033	0.7666070	-2.8836288	0.0043		
2020	7	27	2020	8	2	0.0084	0.7666871	-2.8836310	0.0053		
2020	8	2	2020	8	8	-0.0049	0.7665725	-2.8836319	0.0048		
2020	8	8	2020	8	14	0.0066	0.7666497	-2.8836135	0.0040		
2020	8	14	2020	8	20	0.0010	0.7666939	-2.8836286	0.0042		
2020	8	20	2020	8	26	-0.0050	0.7666471	-2.8836279	0.0054		
2020	8	26	2020	9	1	-0.0034	0.7666743	-2.8836189	0.0061		
2020	9	1	2020	9	7	0.0079	0.7666332	-2.8836281	0.0051		
2020	9	7	2020	9	13	0.0049	0.7666262	-2.8836198	0.0056		
2020	9	13	2020	9	19	-0.0123	0.7666436	-2.8836297	0.0059		
2020	9	19	2020	9	25	0.0014	0.7666009	-2.8836251	0.0051		
2020	9	25	2020	10	1	-0.0059	0.7666674	-2.8836208	0.0046		
2020	10	1	2020	10	13	-0.0001	0.7666219	-2.8819012	0.0049		
2020	10	13	2020	10	19	0.0010	0.7666247	-2.8810402	0.0046		
2020	10	19	2020	10	25	0.0009	0.7666673	-2.8810349	0.0053		
2020	10	25	2020	10	31	0.0055	0.7666867	-2.8810413	0.0067		
2020	10	31	2020	11	6	0.0021	0.7666072	-2.8810482	0.0060		
2020	11	6	2020	11	12	-0.0029	0.7666229	-2.8810338	0.0041		
2020	11	12	2020	11	18	-0.0001	0.7666659	-2.8810374	0.0041		
2020	11	18	2020	11	24	0.0026	0.7665917	-2.8810584	0.0043		
2020	11	24	2020	11	30	-0.0009	0.7666572	-2.8810736	0.0040		
2020	11	30	2020	12	6	-0.0031	0.7665996	-2.8810766	0.0058		
2020	12	6	2020	12	12	0.0002	0.7666267	-2.8810680	0.0044		
2020	12	12	2020	12	18	0.0014	0.7665946	-2.8810716	0.0031		
2020	12	18	2020	12	24	0.0005	0.7665585	-2.8810591	0.0047		
2020	12	24	2020	12	30	-0.0009	0.7666690	-2.8810669	0.0041		
2020	12	30	2021	1	5	-0.0002	0.7665300	-2.8810616	0.0034		