YYYY MM DD       X              Y                Z          mX       mY     mZ
2019 2 11 3890988.0046995 1300010.5941230 4867786.5862111 0.00037 0.00019 0.00045
2019 2 12 3890988.0048765 1300010.5956786 4867786.5889138 0.00046 0.00022 0.00053
2019 2 13 3890988.0024887 1300010.5925926 4867786.5859861 0.00040 0.00019 0.00048
2019 2 14 3890988.0034042 1300010.5933583 4867786.5861906 0.00044 0.00022 0.00052
2019 2 15 3890988.0021105 1300010.5936121 4867786.5860904 0.00036 0.00018 0.00043
2019 2 16 3890988.0044284 1300010.5936620 4867786.5876734 0.00037 0.00018 0.00044
2019 2 17 3890988.0046875 1300010.5939161 4867786.5880718 0.00040 0.00019 0.00047
2019 2 18 3890988.0047997 1300010.5937772 4867786.5881715 0.00039 0.00020 0.00046
2019 2 19 3890988.0052978 1300010.5938513 4867786.5893489 0.00041 0.00021 0.00050
2019 2 20 3890988.0032231 1300010.5943953 4867786.5878885 0.00038 0.00019 0.00046
2019 2 21 3890988.0029998 1300010.5931497 4867786.5876123 0.00046 0.00022 0.00054
2019 2 22 3890988.0006816 1300010.5926272 4867786.5856660 0.00041 0.00020 0.00048
2019 2 23 3890988.0035443 1300010.5938753 4867786.5899862 0.00048 0.00029 0.00058
2019 2 24 3890988.0017914 1300010.5938820 4867786.5878353 0.00042 0.00021 0.00049
2019 2 25 3890988.0073557 1300010.5946127 4867786.5910626 0.00040 0.00019 0.00047
2019 2 26 3890988.0051405 1300010.5942431 4867786.5892009 0.00046 0.00023 0.00055
2019 2 27 3890988.0031632 1300010.5935268 4867786.5878440 0.00041 0.00021 0.00050
2019 2 28 3890988.0022710 1300010.5926302 4867786.5844452 0.00036 0.00017 0.00043
2019 3 1 3890988.0043083 1300010.5937549 4867786.5875106 0.00042 0.00020 0.00049
2019 3 2 3890988.0030364 1300010.5929657 4867786.5860661 0.00040 0.00020 0.00047
2019 3 3 3890988.0044129 1300010.5924682 4867786.5856693 0.00038 0.00020 0.00046
2019 3 4 3890988.0044093 1300010.5912159 4867786.5871836 0.00050 0.00025 0.00057
2019 3 5 3890988.0072744 1300010.5938397 4867786.5897593 0.00044 0.00021 0.00051
2019 3 6 3890988.0036781 1300010.5925906 4867786.5868424 0.00041 0.00020 0.00048
2019 3 7 3890988.0065795 1300010.5921486 4867786.5880496 0.00034 0.00018 0.00042
2019 3 8 3890988.0055801 1300010.5930446 4867786.5872444 0.00040 0.00019 0.00047
2019 3 9 3890988.0035082 1300010.5926213 4867786.5872211 0.00043 0.00020 0.00050
2019 3 10 3890988.0041898 1300010.5932341 4867786.5852162 0.00036 0.00018 0.00042
2019 3 11 3890988.0036826 1300010.5933476 4867786.5855527 0.00036 0.00018 0.00043
2019 3 12 3890988.0022591 1300010.5914632 4867786.5849145 0.00035 0.00017 0.00041
2019 3 13 3890988.0046829 1300010.5928826 4867786.5882059 0.00037 0.00017 0.00043
2019 3 14 3890988.0043210 1300010.5927479 4867786.5870698 0.00036 0.00018 0.00043
2019 3 15 3890988.0012438 1300010.5932181 4867786.5838834 0.00041 0.00022 0.00048
2019 3 16 3890988.0016757 1300010.5922270 4867786.5844874 0.00036 0.00017 0.00042
2019 3 17 3890988.0066869 1300010.5925221 4867786.5901129 0.00056 0.00026 0.00065
2019 3 18 3890988.0044742 1300010.5925697 4867786.5879643 0.00043 0.00021 0.00051
2019 3 19 3890988.0044124 1300010.5935407 4867786.5899783 0.00051 0.00026 0.00062
2019 3 20 3890988.0020142 1300010.5913911 4867786.5885623 0.00053 0.00026 0.00063
2019 3 21 3890988.0049614 1300010.5922186 4867786.5910273 0.00054 0.00025 0.00063
2019 3 22 3890988.0020741 1300010.5927404 4867786.5882841 0.00054 0.00026 0.00064
2019 3 23 3890988.0037394 1300010.5934451 4867786.5896407 0.00036 0.00019 0.00044
2019 3 24 3890988.0019226 1300010.5921448 4867786.5887751 0.00039 0.00019 0.00046
2019 3 25 3890988.0041158 1300010.5933562 4867786.5905080 0.00040 0.00018 0.00046
2019 3 26 3890988.0011332 1300010.5933223 4867786.5887874 0.00043 0.00022 0.00048
2019 3 27 3890988.0015493 1300010.5922423 4867786.5880484 0.00036 0.00019 0.00043
2019 3 28 3890987.9991372 1300010.5925381 4867786.5868987 0.00047 0.00023 0.00055
2019 3 29 3890988.0019513 1300010.5924937 4867786.5886042 0.00049 0.00023 0.00056
2019 3 30 3890987.9996968 1300010.5917611 4867786.5858020 0.00036 0.00017 0.00042
2019 3 31 3890988.0034962 1300010.5925926 4867786.5913373 0.00044 0.00022 0.00053
2019 4 1 3890988.0014854 1300010.5919807 4867786.5906839 0.00045 0.00022 0.00053
2019 4 2 3890988.0016239 1300010.5918241 4867786.5892134 0.00041 0.00019 0.00047
2019 4 3 3890988.0004889 1300010.5915553 4867786.5877782 0.00037 0.00018 0.00044
2019 4 4 3890988.0005941 1300010.5917690 4867786.5868693 0.00036 0.00019 0.00043
2019 4 5 3890987.9996644 1300010.5916459 4867786.5875523 0.00042 0.00021 0.00050
2019 4 6 3890988.0038033 1300010.5914114 4867786.5910692 0.00044 0.00022 0.00050
2019 4 7 3890987.9991324 1300010.5922895 4867786.5871212 0.00038 0.00019 0.00045
2019 4 8 3890988.0001646 1300010.5927613 4867786.5897154 0.00045 0.00023 0.00053
2019 4 9 3890987.9995967 1300010.5922544 4867786.5874741 0.00044 0.00022 0.00052
2019 4 10 3890988.0005437 1300010.5919790 4867786.5887838 0.00051 0.00024 0.00059
2019 4 11 3890988.0000896 1300010.5923692 4867786.5916051 0.00042 0.00021 0.00049
2019 4 12 3890987.9990836 1300010.5919870 4867786.5903805 0.00040 0.00020 0.00047
2019 4 13 3890987.9950363 1300010.5906062 4867786.5840397 0.00038 0.00018 0.00045
2019 4 14 3890987.9950748 1300010.5908717 4867786.5833997 0.00044 0.00021 0.00051
2019 4 15 3890987.9966101 1300010.5917026 4867786.5859489 0.00043 0.00021 0.00051
2019 4 16 3890987.9978983 1300010.5908434 4867786.5891388 0.00049 0.00025 0.00057
2019 4 17 3890987.9963514 1300010.5902975 4867786.5863029 0.00049 0.00028 0.00058
2019 4 18 3890987.9961609 1300010.5917083 4867786.5877491 0.00051 0.00024 0.00058
2019 4 19 3890987.9934166 1300010.5907695 4867786.5846590 0.00044 0.00022 0.00051
2019 4 20 3890987.9942209 1300010.5902679 4867786.5837868 0.00053 0.00027 0.00064
2019 4 21 3890987.9917915 1300010.5902638 4867786.5844490 0.00047 0.00023 0.00055
2019 4 22 3890987.9959523 1300010.5906883 4867786.5868702 0.00051 0.00024 0.00058
2019 4 23 3890987.9930340 1300010.5912751 4867786.5845038 0.00041 0.00020 0.00049
2019 4 24 3890987.9936794 1300010.5907554 4867786.5855673 0.00049 0.00026 0.00058
2019 4 25 3890987.9918552 1300010.5895944 4867786.5826711 0.00052 0.00025 0.00061
2019 4 26 3890987.9925508 1300010.5898876 4867786.5833552 0.00054 0.00025 0.00061
2019 4 27 3890987.9916664 1300010.5908895 4867786.5825484 0.00049 0.00024 0.00057
2019 4 28 3890987.9885298 1300010.5909502 4867786.5812660 0.00050 0.00029 0.00061
2019 4 29 3890987.9895540 1300010.5905101 4867786.5847906 0.00056 0.00027 0.00066
2019 4 30 3890987.9881189 1300010.5905500 4867786.5806808 0.00060 0.00028 0.00068
2019 5 1 3890987.9880126 1300010.5889766 4867786.5800431 0.00054 0.00027 0.00063
2019 5 2 3890987.9926668 1300010.5901405 4867786.5829761 0.00045 0.00023 0.00054
2019 5 3 3890987.9853277 1300010.5888234 4867786.5774867 0.00056 0.00027 0.00065
2019 5 4 3890987.9907861 1300010.5894698 4867786.5826452 0.00046 0.00021 0.00052
2019 5 5 3890987.9885147 1300010.5900898 4867786.5814965 0.00046 0.00023 0.00054
2019 5 6 3890987.9903885 1300010.5915401 4867786.5833610 0.00048 0.00025 0.00057
2019 5 7 3890987.9828409 1300010.5855634 4867786.5742868 0.00053 0.00028 0.00060
2019 5 8 3890987.9874373 1300010.5849694 4867786.5803953 0.00053 0.00026 0.00060
2019 5 9 3890987.9840341 1300010.5899497 4867786.5780042 0.00050 0.00027 0.00059
2019 5 10 3890987.9882659 1300010.5889626 4867786.5793814 0.00051 0.00026 0.00060
2019 5 11 3890987.9850364 1300010.5886232 4867786.5798974 0.00052 0.00025 0.00060
2019 5 12 3890987.9878937 1300010.5907911 4867786.5825167 0.00051 0.00024 0.00058
2019 5 13 3890987.9828355 1300010.5912841 4867786.5773779 0.00049 0.00025 0.00058
2019 5 14 3890987.9823930 1300010.5888196 4867786.5777656 0.00043 0.00022 0.00052
2019 5 15 3890987.9765857 1300010.5876948 4867786.5737093 0.00046 0.00022 0.00052
2019 5 16 3890987.9797625 1300010.5910928 4867786.5749170 0.00046 0.00022 0.00053
2019 5 17 3890987.9795137 1300010.5897982 4867786.5755407 0.00047 0.00023 0.00055
2019 5 18 3890987.9816373 1300010.5894346 4867786.5747488 0.00055 0.00028 0.00065
2019 5 19 3890987.9803813 1300010.5875847 4867786.5756678 0.00054 0.00025 0.00062
2019 5 20 3890987.9780576 1300010.5863529 4867786.5716775 0.00056 0.00027 0.00063
2019 5 21 3890987.9797975 1300010.5888804 4867786.5769585 0.00056 0.00028 0.00066
2019 5 22 3890987.9738068 1300010.5889525 4867786.5704785 0.00056 0.00029 0.00066
2019 5 23 3890987.9722255 1300010.5872028 4867786.5699103 0.00050 0.00024 0.00058
2019 5 24 3890987.9741945 1300010.5878905 4867786.5702957 0.00051 0.00024 0.00058
2019 5 25 3890987.9746811 1300010.5875806 4867786.5721797 0.00050 0.00025 0.00059
2019 5 26 3890987.9737788 1300010.5876199 4867786.5709011 0.00047 0.00024 0.00055
2019 5 27 3890987.9725514 1300010.5863792 4867786.5708316 0.00052 0.00025 0.00060
2019 5 28 3890987.9697117 1300010.5859072 4867786.5678988 0.00055 0.00026 0.00064
2019 5 29 3890987.9709623 1300010.5899456 4867786.5717342 0.00046 0.00023 0.00054
2019 5 30 3890987.9685063 1300010.5882128 4867786.5684138 0.00047 0.00024 0.00056
2019 5 31 3890987.9632770 1300010.5868275 4867786.5640318 0.00062 0.00031 0.00071
2019 6 1 3890987.9707148 1300010.5880115 4867786.5702903 0.00059 0.00028 0.00068
2019 6 2 3890987.9669841 1300010.5875989 4867786.5708786 0.00057 0.00028 0.00067
2019 6 3 3890987.9683657 1300010.5875783 4867786.5712464 0.00052 0.00027 0.00062
2019 6 4 3890987.9639767 1300010.5842903 4867786.5656103 0.00055 0.00026 0.00064
2019 6 5 3890987.9660994 1300010.5872623 4867786.5722505 0.00059 0.00028 0.00067
2019 6 6 3890987.9643192 1300010.5865330 4867786.5664799 0.00065 0.00032 0.00077
2019 6 7 3890987.9612336 1300010.5856832 4867786.5638996 0.00059 0.00030 0.00071
2019 6 8 3890987.9574634 1300010.5858881 4867786.5633027 0.00067 0.00032 0.00077
2019 6 9 3890987.9592527 1300010.5846261 4867786.5638701 0.00060 0.00028 0.00069
2019 6 10 3890987.9607397 1300010.5835105 4867786.5660628 0.00062 0.00031 0.00073
2019 6 11 3890987.9566372 1300010.5845874 4867786.5628327 0.00054 0.00028 0.00063
2019 6 12 3890987.9543335 1300010.5830366 4867786.5619494 0.00052 0.00024 0.00060
2019 6 13 3890987.9546302 1300010.5848362 4867786.5641241 0.00074 0.00035 0.00085
2019 11 25 3890987.7984258 1300010.5206004 4867786.4225653 0.00044 0.00022 0.00051
2019 11 26 3890987.7970528 1300010.5217321 4867786.4206994 0.00047 0.00024 0.00057
2019 11 27 3890987.7957147 1300010.5206301 4867786.4176325 0.00045 0.00022 0.00053
2019 11 29 3890987.7970805 1300010.5221257 4867786.4187962 0.00043 0.00022 0.00051
2019 11 30 3890987.8008406 1300010.5197111 4867786.4169196 0.00041 0.00020 0.00048
2019 12 1 3890987.7947781 1300010.5204024 4867786.4145527 0.00041 0.00022 0.00046
2019 12 2 3890987.7960418 1300010.5181796 4867786.4141819 0.00042 0.00021 0.00049
2019 12 3 3890987.7980482 1300010.5201253 4867786.4167183 0.00042 0.00021 0.00050
2019 12 4 3890987.7882798 1300010.5139983 4867786.4030913 0.00036 0.00018 0.00043
2019 12 5 3890987.7930321 1300010.5161694 4867786.4098299 0.00039 0.00020 0.00047
2019 12 6 3890987.7928099 1300010.5156510 4867786.4054031 0.00041 0.00021 0.00051
2019 12 7 3890987.7890802 1300010.5135883 4867786.4032239 0.00042 0.00023 0.00050
2019 12 8 3890987.7893799 1300010.5124963 4867786.4013966 0.00041 0.00021 0.00048
2019 12 9 3890987.7887354 1300010.5169129 4867786.3980230 0.00045 0.00023 0.00053
2019 12 10 3890987.7903251 1300010.5128324 4867786.3999323 0.00040 0.00020 0.00046
2019 12 11 3890987.7899759 1300010.5138864 4867786.4023638 0.00040 0.00021 0.00046
2019 12 12 3890987.7904472 1300010.5121775 4867786.4002615 0.00041 0.00021 0.00049
2019 12 13 3890987.7900734 1300010.5115476 4867786.3977878 0.00038 0.00019 0.00046
2019 12 14 3890987.7930756 1300010.5095390 4867786.3989359 0.00039 0.00020 0.00046
2019 12 15 3890987.7885699 1300010.5099131 4867786.3926605 0.00040 0.00020 0.00049
2019 12 17 3890987.7864867 1300010.5093753 4867786.3912819 0.00040 0.00020 0.00046
2019 12 18 3890987.7733352 1300010.5035625 4867786.3815901 0.00039 0.00019 0.00046
2019 12 19 3890987.7844508 1300010.5045684 4867786.3924846 0.00041 0.00022 0.00048
2019 12 21 3890987.7873424 1300010.5083399 4867786.3873460 0.00036 0.00018 0.00044
2019 12 22 3890987.7882379 1300010.5076996 4867786.3869831 0.00041 0.00024 0.00050
2019 12 23 3890987.7872340 1300010.5054909 4867786.3838074 0.00039 0.00019 0.00047
2019 12 24 3890987.7867626 1300010.5055903 4867786.3817786 0.00040 0.00021 0.00046
2019 12 25 3890987.7877286 1300010.5048533 4867786.3826375 0.00038 0.00020 0.00045
2019 12 26 3890987.7836508 1300010.5051445 4867786.3790491 0.00039 0.00019 0.00045
2019 12 27 3890987.7853314 1300010.5050307 4867786.3779953 0.00038 0.00020 0.00045
2019 12 28 3890987.7822565 1300010.5049207 4867786.3771582 0.00038 0.00019 0.00047
2019 12 31 3890987.7821789 1300010.5028545 4867786.3732649 0.00041 0.00021 0.00049
2020 1 1 3890987.7838851 1300010.5018916 4867786.3721984 0.00041 0.00020 0.00050
2020 1 2 3890987.7851449 1300010.5043903 4867786.3735394 0.00051 0.00026 0.00061
2020 1 3 3890987.7787683 1300010.5005841 4867786.3702366 0.00042 0.00021 0.00050
2020 1 4 3890987.7821329 1300010.5021200 4867786.3712262 0.00039 0.00019 0.00047
2020 1 5 3890987.7797435 1300010.5005204 4867786.3705631 0.00042 0.00021 0.00051
2020 1 6 3890987.7802099 1300010.4962767 4867786.3717418 0.00044 0.00022 0.00052
2020 1 7 3890987.7814024 1300010.4995585 4867786.3713656 0.00041 0.00021 0.00051
2020 1 8 3890987.7827286 1300010.5003225 4867786.3709763 0.00044 0.00022 0.00053
2020 1 9 3890987.7806225 1300010.5014770 4867786.3667378 0.00039 0.00020 0.00047
2020 1 10 3890987.7829813 1300010.5007793 4867786.3706366 0.00039 0.00020 0.00045
2020 1 11 3890987.7783286 1300010.4983602 4867786.3652501 0.00037 0.00019 0.00046
2020 1 12 3890987.7809744 1300010.5003884 4867786.3679172 0.00040 0.00020 0.00048
2020 1 13 3890987.7809126 1300010.4997823 4867786.3690999 0.00044 0.00022 0.00052
2020 1 14 3890987.7831198 1300010.4988704 4867786.3713381 0.00045 0.00023 0.00054
2020 1 16 3890987.7744341 1300010.4968058 4867786.3621439 0.00042 0.00022 0.00051
2020 1 17 3890987.7778497 1300010.4974450 4867786.3645593 0.00043 0.00022 0.00052
2020 1 18 3890987.7808474 1300010.4975502 4867786.3684793 0.00044 0.00022 0.00052
2020 1 19 3890987.7766056 1300010.4977692 4867786.3646764 0.00046 0.00023 0.00055
2020 1 20 3890987.7745131 1300010.4981127 4867786.3618662 0.00041 0.00021 0.00049
2020 1 21 3890987.7764099 1300010.4965088 4867786.3624187 0.00040 0.00020 0.00048
2020 1 22 3890987.7739756 1300010.4960425 4867786.3612781 0.00040 0.00020 0.00048
2020 1 24 3890987.7773679 1300010.4976896 4867786.3612462 0.00044 0.00022 0.00054
2020 1 25 3890987.7815509 1300010.4985993 4867786.3615275 0.00041 0.00021 0.00049
2020 1 26 3890987.7811853 1300010.4966791 4867786.3656819 0.00039 0.00019 0.00046
2020 1 29 3890987.7796896 1300010.4962617 4867786.3614256 0.00039 0.00019 0.00046
2020 1 30 3890987.7796525 1300010.4983693 4867786.3628121 0.00036 0.00020 0.00042
2020 1 31 3890987.7782638 1300010.4947046 4867786.3609717 0.00036 0.00019 0.00045
2020 2 1 3890987.7754126 1300010.4942268 4867786.3583208 0.00041 0.00020 0.00048
2020 2 2 3890987.7762687 1300010.4922866 4867786.3587475 0.00035 0.00018 0.00042
2020 2 3 3890987.7744985 1300010.4936113 4867786.3544522 0.00035 0.00017 0.00042
2020 2 4 3890987.7764789 1300010.4947866 4867786.3599290 0.00040 0.00020 0.00047
2020 2 5 3890987.7772947 1300010.4949071 4867786.3592751 0.00037 0.00018 0.00043
2020 2 6 3890987.7763122 1300010.4939641 4867786.3590773 0.00034 0.00017 0.00041
2020 2 7 3890987.7725944 1300010.4940138 4867786.3574666 0.00034 0.00017 0.00042
2020 2 8 3890987.7754649 1300010.4934894 4867786.3587902 0.00037 0.00018 0.00045
2020 2 9 3890987.7773254 1300010.4945514 4867786.3604107 0.00039 0.00019 0.00047
2020 2 10 3890987.7727679 1300010.4917326 4867786.3505526 0.00043 0.00021 0.00051
2020 2 11 3890987.7733589 1300010.4925636 4867786.3551271 0.00040 0.00020 0.00048
2020 2 13 3890987.7744461 1300010.4925649 4867786.3578649 0.00035 0.00017 0.00042
2020 2 14 3890987.7734168 1300010.4905457 4867786.3564339 0.00038 0.00019 0.00046
2020 2 15 3890987.7748625 1300010.4929697 4867786.3567855 0.00037 0.00019 0.00044
2020 2 16 3890987.7745539 1300010.4918253 4867786.3576899 0.00035 0.00018 0.00045
2020 2 17 3890987.7760612 1300010.4902142 4867786.3591580 0.00041 0.00020 0.00050
2020 2 18 3890987.7751715 1300010.4908379 4867786.3552066 0.00038 0.00019 0.00045
2020 2 19 3890987.7764089 1300010.4923254 4867786.3604870 0.00040 0.00020 0.00047
2020 2 20 3890987.7741017 1300010.4911909 4867786.3561735 0.00039 0.00019 0.00046
2020 2 21 3890987.7768840 1300010.4928965 4867786.3595880 0.00038 0.00019 0.00045
2020 2 22 3890987.7712705 1300010.4904945 4867786.3519397 0.00035 0.00017 0.00042
2020 2 23 3890987.7743480 1300010.4917727 4867786.3570146 0.00036 0.00018 0.00045
2020 2 24 3890987.7752596 1300010.4912261 4867786.3582441 0.00047 0.00024 0.00058
2020 2 25 3890987.7757015 1300010.4921138 4867786.3558656 0.00050 0.00025 0.00060
2020 2 26 3890987.7751779 1300010.4921179 4867786.3552964 0.00041 0.00020 0.00050
2020 2 27 3890987.7754239 1300010.4907294 4867786.3558711 0.00049 0.00024 0.00058
2020 2 28 3890987.7694668 1300010.4906964 4867786.3504205 0.00049 0.00024 0.00058
2020 2 29 3890987.7744027 1300010.4918895 4867786.3563458 0.00039 0.00020 0.00048
2020 3 1 3890987.7728664 1300010.4897299 4867786.3548608 0.00043 0.00021 0.00051
2020 3 2 3890987.7727427 1300010.4902834 4867786.3528012 0.00049 0.00024 0.00059
2020 3 3 3890987.7734312 1300010.4908286 4867786.3553625 0.00039 0.00019 0.00048
2020 3 4 3890987.7747810 1300010.4895557 4867786.3564749 0.00049 0.00024 0.00060
2020 3 5 3890987.7756048 1300010.4906957 4867786.3564773 0.00046 0.00023 0.00055
2020 3 6 3890987.7754463 1300010.4911291 4867786.3578309 0.00040 0.00020 0.00046
2020 3 7 3890987.7723477 1300010.4909754 4867786.3544586 0.00035 0.00017 0.00043
2020 3 8 3890987.7698086 1300010.4889009 4867786.3528021 0.00037 0.00019 0.00045
2020 3 9 3890987.7730659 1300010.4896893 4867786.3558627 0.00036 0.00018 0.00045
2020 3 10 3890987.7739768 1300010.4895965 4867786.3579785 0.00036 0.00018 0.00044
2020 3 11 3890987.7716310 1300010.4878302 4867786.3529034 0.00041 0.00021 0.00051
2020 3 12 3890987.7690140 1300010.4898680 4867786.3477375 0.00045 0.00023 0.00053
2020 3 13 3890987.7709359 1300010.4890556 4867786.3541823 0.00043 0.00021 0.00051
2020 3 14 3890987.7748394 1300010.4894743 4867786.3554927 0.00041 0.00020 0.00050
2020 3 15 3890987.7703983 1300010.4873700 4867786.3532621 0.00040 0.00020 0.00048
2020 3 17 3890987.7703566 1300010.4860900 4867786.3524403 0.00037 0.00018 0.00046
2020 3 19 3890987.7737439 1300010.4889656 4867786.3558519 0.00043 0.00023 0.00052
2020 3 20 3890987.7747743 1300010.4888727 4867786.3569929 0.00045 0.00025 0.00053
2020 3 21 3890987.7677946 1300010.4902716 4867786.3517052 0.00049 0.00029 0.00061
2020 3 22 3890987.7724543 1300010.4846972 4867786.3518482 0.00051 0.00026 0.00060
2020 3 23 3890987.7720397 1300010.4876279 4867786.3551772 0.00042 0.00021 0.00049
2020 3 24 3890987.7682658 1300010.4859810 4867786.3519061 0.00035 0.00017 0.00043
2020 3 25 3890987.7687093 1300010.4864693 4867786.3537910 0.00040 0.00019 0.00047
2020 3 26 3890987.7724065 1300010.4848499 4867786.3548560 0.00039 0.00019 0.00046
2020 3 27 3890987.7674900 1300010.4851201 4867786.3544150 0.00036 0.00018 0.00044
2020 3 28 3890987.7741180 1300010.4865330 4867786.3586916 0.00041 0.00020 0.00049
2020 3 29 3890987.7715553 1300010.4858202 4867786.3552473 0.00038 0.00018 0.00046
2020 3 30 3890987.7676946 1300010.4912851 4867786.3519487 0.00045 0.00023 0.00056
2020 3 31 3890987.7693409 1300010.4882769 4867786.3476714 0.00036 0.00018 0.00045
2020 4 1 3890987.7722206 1300010.4864079 4867786.3535561 0.00039 0.00020 0.00047
2020 4 2 3890987.7695627 1300010.4859208 4867786.3510779 0.00038 0.00019 0.00045
2020 4 3 3890987.7731399 1300010.4860481 4867786.3555515 0.00042 0.00021 0.00051
2020 4 4 3890987.7704741 1300010.4859801 4867786.3545286 0.00044 0.00022 0.00053
2020 4 5 3890987.7718083 1300010.4875708 4867786.3530219 0.00042 0.00021 0.00050
2020 4 6 3890987.7710307 1300010.4837112 4867786.3528513 0.00045 0.00024 0.00054
2020 4 7 3890987.7717305 1300010.4838504 4867786.3532496 0.00047 0.00023 0.00056
2020 4 8 3890987.7633168 1300010.4839013 4867786.3469527 0.00044 0.00022 0.00053
2020 4 9 3890987.7724525 1300010.4845178 4867786.3544683 0.00042 0.00022 0.00050
2020 4 10 3890987.7689307 1300010.4832157 4867786.3534271 0.00041 0.00020 0.00050
2020 4 11 3890987.7680860 1300010.4851316 4867786.3513575 0.00042 0.00021 0.00050
2020 4 12 3890987.7701015 1300010.4850365 4867786.3519532 0.00043 0.00021 0.00051
2020 4 13 3890987.7674939 1300010.4847875 4867786.3501204 0.00048 0.00025 0.00058
2020 4 14 3890987.7702497 1300010.4839469 4867786.3510851 0.00038 0.00019 0.00046
2020 4 15 3890987.7690216 1300010.4850673 4867786.3493498 0.00039 0.00019 0.00046
2020 4 16 3890987.7718027 1300010.4872794 4867786.3536063 0.00036 0.00018 0.00044
2020 4 17 3890987.7673337 1300010.4838459 4867786.3520864 0.00040 0.00020 0.00048
2020 4 18 3890987.7693741 1300010.4846888 4867786.3553489 0.00040 0.00019 0.00047
2020 4 19 3890987.7707495 1300010.4834744 4867786.3552483 0.00038 0.00019 0.00045
2020 4 20 3890987.7662493 1300010.4843416 4867786.3531285 0.00036 0.00018 0.00044
2020 4 21 3890987.7685928 1300010.4845477 4867786.3527187 0.00037 0.00018 0.00045
2020 4 22 3890987.7703679 1300010.4844577 4867786.3551469 0.00037 0.00018 0.00043
2020 4 23 3890987.7707787 1300010.4852109 4867786.3547953 0.00039 0.00019 0.00047
2020 4 25 3890987.7683788 1300010.4824561 4867786.3508137 0.00040 0.00020 0.00047
2020 4 26 3890987.7664593 1300010.4823106 4867786.3499360 0.00041 0.00020 0.00048
2020 4 27 3890987.7672209 1300010.4831654 4867786.3485840 0.00040 0.00020 0.00048
2020 4 28 3890987.7683568 1300010.4835748 4867786.3511137 0.00043 0.00021 0.00051
2020 4 29 3890987.7671755 1300010.4837465 4867786.3496319 0.00042 0.00021 0.00050
2020 4 30 3890987.7644420 1300010.4810615 4867786.3459950 0.00046 0.00022 0.00055
2020 5 1 3890987.7674251 1300010.4809283 4867786.3489252 0.00042 0.00021 0.00050
2020 5 2 3890987.7650450 1300010.4847535 4867786.3488627 0.00043 0.00021 0.00050
2020 5 3 3890987.7625401 1300010.4816997 4867786.3449222 0.00042 0.00021 0.00051
2020 5 4 3890987.7675397 1300010.4827837 4867786.3502132 0.00041 0.00020 0.00048
2020 5 5 3890987.7657333 1300010.4967506 4867786.3464968 0.00045 0.00023 0.00053
2020 5 6 3890987.7638786 1300010.4818245 4867786.3465659 0.00043 0.00022 0.00053
2020 5 7 3890987.7656481 1300010.4824926 4867786.3476531 0.00042 0.00021 0.00050
2020 5 8 3890987.7677344 1300010.4836707 4867786.3487060 0.00041 0.00020 0.00048
2020 5 9 3890987.7691188 1300010.4821335 4867786.3517280 0.00041 0.00020 0.00048
2020 5 10 3890987.7678024 1300010.4823369 4867786.3500598 0.00041 0.00020 0.00049
2020 5 11 3890987.7655355 1300010.4807194 4867786.3478884 0.00043 0.00022 0.00051
2020 5 12 3890987.7625332 1300010.4813647 4867786.3446593 0.00041 0.00020 0.00048
2020 5 13 3890987.7663752 1300010.4822163 4867786.3468716 0.00041 0.00020 0.00049
2020 5 14 3890987.7613215 1300010.4811967 4867786.3442670 0.00042 0.00021 0.00050
2020 5 15 3890987.7649780 1300010.4829399 4867786.3454490 0.00041 0.00020 0.00049
2020 5 16 3890987.7651408 1300010.4820460 4867786.3468086 0.00040 0.00020 0.00048
2020 5 17 3890987.7632012 1300010.4810542 4867786.3448220 0.00040 0.00020 0.00048
2020 5 19 3890987.7655929 1300010.4810767 4867786.3500187 0.00043 0.00022 0.00051
2020 5 20 3890987.7642375 1300010.4806231 4867786.3464346 0.00042 0.00020 0.00051
2020 5 21 3890987.7652439 1300010.4819522 4867786.3477330 0.00039 0.00020 0.00046
2020 5 22 3890987.8375868 1300010.5346273 4867786.4222394 0.00399 0.00282 0.00468
2020 5 23 3890987.7660762 1300010.4818334 4867786.3492873 0.00043 0.00021 0.00052
2020 5 24 3890987.7831766 1300010.5116605 4867786.3604416 0.00399 0.00287 0.00472
2020 5 25 3890987.7613629 1300010.4820902 4867786.3444291 0.00042 0.00021 0.00049
2020 5 27 3890987.7656196 1300010.4817063 4867786.3473833 0.00043 0.00021 0.00050
2020 5 28 3890987.7638463 1300010.4806530 4867786.3458586 0.00042 0.00020 0.00049
2020 5 29 3890987.7696241 1300010.4826388 4867786.3566741 0.00042 0.00021 0.00050
2020 5 30 3890987.7851901 1300010.4896459 4867786.3580913 0.00367 0.00264 0.00437
2020 5 31 3890987.7692419 1300010.5157828 4867786.3306976 0.00366 0.00262 0.00436
2020 6 1 3890987.8288282 1300010.4928287 4867786.3654337 0.00389 0.00285 0.00454
2020 6 2 3890987.7626564 1300010.4780906 4867786.3419177 0.00047 0.00023 0.00057
2020 6 3 3890987.7646141 1300010.4815242 4867786.3446099 0.00045 0.00024 0.00053
2020 6 4 3890987.8764782 1300010.5355765 4867786.4228523 0.00389 0.00288 0.00466
2020 6 5 3890987.7610619 1300010.4783496 4867786.3410243 0.00046 0.00023 0.00055
2020 6 6 3890987.7611880 1300010.4796625 4867786.3392143 0.00044 0.00022 0.00053
2020 6 7 3890987.8386177 1300010.5469496 4867786.3493352 0.00480 0.00354 0.00593
2020 6 8 3890987.7688286 1300010.4800239 4867786.3487187 0.00047 0.00023 0.00056
2020 6 9 3890987.7897945 1300010.5187805 4867786.3620333 0.00367 0.00268 0.00437
2020 6 11 3890987.7611769 1300010.4811113 4867786.3408743 0.00049 0.00025 0.00058
2020 6 12 3890987.7957677 1300010.5199342 4867786.3793052 0.00410 0.00299 0.00492
2020 6 13 3890987.7637226 1300010.4783947 4867786.3471018 0.00062 0.00031 0.00074
2020 6 14 3890987.7636982 1300010.4814697 4867786.3426529 0.00046 0.00022 0.00054
2020 6 15 3890987.7649612 1300010.4791719 4867786.3453391 0.00048 0.00025 0.00058
2020 6 16 3890987.7682121 1300010.4789219 4867786.3485079 0.00049 0.00025 0.00059
2020 6 17 3890987.7663431 1300010.4787570 4867786.3387173 0.00056 0.00027 0.00064
2020 6 18 3890987.7628144 1300010.4773040 4867786.3426662 0.00060 0.00030 0.00069
2020 6 19 3890987.7633722 1300010.4812581 4867786.3456922 0.00050 0.00026 0.00061
2020 6 20 3890987.7633401 1300010.4792303 4867786.3422167 0.00047 0.00024 0.00055
2020 6 21 3890987.7611314 1300010.4764053 4867786.3371031 0.00046 0.00022 0.00054
2020 6 22 3890987.7639097 1300010.4802219 4867786.3434200 0.00048 0.00023 0.00057
2020 6 23 3890987.7893997 1300010.4814587 4867786.3061936 0.00438 0.00334 0.00533
2020 6 24 3890987.7624576 1300010.4814487 4867786.3425008 0.00055 0.00028 0.00064
2020 6 25 3890987.7605929 1300010.4793981 4867786.3391493 0.00052 0.00026 0.00061
2020 6 26 3890987.7599713 1300010.4736164 4867786.3375750 0.00072 0.00040 0.00084
2020 6 27 3890987.7569203 1300010.4779659 4867786.3356988 0.00058 0.00029 0.00068
2020 6 28 3890987.8033635 1300010.5047123 4867786.3312450 0.00502 0.00376 0.00603
2020 6 29 3890987.8008594 1300010.4992080 4867786.3634886 0.00461 0.00345 0.00559
2020 7 6 3890987.7569256 1300010.4755011 4867786.3377645 0.00055 0.00028 0.00066
2020 7 7 3890987.7587837 1300010.4777813 4867786.3378060 0.00039 0.00019 0.00046
2020 7 8 3890987.7588009 1300010.4779575 4867786.3400134 0.00039 0.00019 0.00046
2020 7 9 3890987.8204792 1300010.5337886 4867786.3652916 0.00439 0.00336 0.00515
2020 7 10 3890987.7557658 1300010.4747642 4867786.3343075 0.00054 0.00026 0.00063
2020 7 11 3890987.7644297 1300010.4761579 4867786.3390631 0.00055 0.00026 0.00061
2020 7 12 3890987.7588718 1300010.4767427 4867786.3389570 0.00050 0.00025 0.00060
2020 7 13 3890987.7579598 1300010.4779625 4867786.3381084 0.00044 0.00023 0.00052
2020 7 14 3890987.7542327 1300010.4768983 4867786.3360006 0.00047 0.00025 0.00055
2020 7 15 3890987.7661930 1300010.4819694 4867786.3478274 0.00048 0.00024 0.00059
2020 7 16 3890987.7594156 1300010.4807095 4867786.3401300 0.00051 0.00026 0.00062
2020 7 18 3890987.7588270 1300010.4760027 4867786.3372805 0.00051 0.00027 0.00060
2020 7 19 3890987.7545868 1300010.4791041 4867786.3331329 0.00050 0.00024 0.00059
2020 7 21 3890987.7616705 1300010.4806180 4867786.3408697 0.00049 0.00024 0.00058
2020 7 22 3890987.7636082 1300010.4814594 4867786.3427963 0.00051 0.00025 0.00061
2020 7 23 3890987.7588560 1300010.4785618 4867786.3405664 0.00045 0.00022 0.00053
2020 7 24 3890987.7561110 1300010.4774314 4867786.3349961 0.00048 0.00023 0.00057
2020 7 25 3890987.7588237 1300010.4776318 4867786.3389504 0.00046 0.00023 0.00055
2020 7 26 3890987.7586715 1300010.4771715 4867786.3367547 0.00052 0.00026 0.00061
2020 7 27 3890987.7587755 1300010.4773396 4867786.3387702 0.00052 0.00025 0.00062
2020 7 28 3890987.7617199 1300010.4790469 4867786.3426695 0.00059 0.00029 0.00069
2020 7 29 3890987.7566969 1300010.4778934 4867786.3364774 0.00052 0.00027 0.00063
2020 7 30 3890987.7542499 1300010.4757687 4867786.3370881 0.00046 0.00023 0.00054
2020 7 31 3890987.7534941 1300010.4773424 4867786.3379288 0.00047 0.00023 0.00056
2020 8 2 3890987.7601061 1300010.4791297 4867786.3413212 0.00056 0.00029 0.00066
2020 8 3 3890987.7582879 1300010.4764413 4867786.3354452 0.00052 0.00026 0.00061
2020 8 4 3890987.7510125 1300010.4741638 4867786.3287489 0.00058 0.00030 0.00067
2020 8 5 3890987.7575277 1300010.4788597 4867786.3341940 0.00052 0.00026 0.00061
2020 8 6 3890987.7564259 1300010.4765628 4867786.3362337 0.00047 0.00024 0.00055
2020 8 7 3890987.7529198 1300010.4760405 4867786.3314772 0.00055 0.00028 0.00066
2020 8 9 3890987.7582064 1300010.4762780 4867786.3381974 0.00062 0.00031 0.00072
2020 8 10 3890987.7626291 1300010.4788303 4867786.3429497 0.00059 0.00030 0.00069
2020 8 11 3890987.7572287 1300010.4759884 4867786.3365696 0.00065 0.00033 0.00077
2020 8 12 3890987.7568304 1300010.4760719 4867786.3356940 0.00057 0.00029 0.00066
2020 8 13 3890987.7509068 1300010.4766196 4867786.3358904 0.00057 0.00029 0.00066
2020 8 14 3890987.7596743 1300010.4787335 4867786.3402218 0.00055 0.00029 0.00066
2020 8 15 3890987.7589239 1300010.4765150 4867786.3390708 0.00054 0.00027 0.00065
2020 8 16 3890987.7507407 1300010.4742890 4867786.3310311 0.00057 0.00029 0.00067
2020 8 17 3890987.7521267 1300010.4731622 4867786.3260084 0.00064 0.00032 0.00075
2020 8 18 3890987.7615507 1300010.4798605 4867786.3409284 0.00059 0.00031 0.00069
2020 8 19 3890987.7466059 1300010.4704212 4867786.3201327 0.00051 0.00025 0.00060
2020 8 20 3890987.7556237 1300010.4833629 4867786.3323074 0.00055 0.00028 0.00063
2020 8 21 3890987.7552525 1300010.4762184 4867786.3357301 0.00059 0.00030 0.00070
2020 8 22 3890987.7585552 1300010.4771188 4867786.3369851 0.00062 0.00033 0.00073
2020 8 23 3890987.7558401 1300010.4771393 4867786.3325296 0.00056 0.00029 0.00066
2020 8 24 3890987.7565915 1300010.4772357 4867786.3333443 0.00054 0.00027 0.00064
2020 8 25 3890987.7568511 1300010.4774701 4867786.3355975 0.00052 0.00026 0.00063
2020 8 26 3890987.7567745 1300010.4769094 4867786.3373020 0.00060 0.00030 0.00071
2020 8 27 3890987.7585901 1300010.4770922 4867786.3387766 0.00052 0.00026 0.00061
2020 8 28 3890987.7558337 1300010.4749629 4867786.3345586 0.00059 0.00030 0.00068
2020 8 29 3890987.7538091 1300010.4769976 4867786.3299545 0.00059 0.00029 0.00069
2020 8 30 3890987.7573372 1300010.4780589 4867786.3364866 0.00063 0.00034 0.00073
2020 8 31 3890987.7571172 1300010.4763039 4867786.3352546 0.00053 0.00027 0.00065
2020 9 1 3890987.7537334 1300010.4753995 4867786.3292329 0.00069 0.00036 0.00081
2020 9 2 3890987.7564985 1300010.4783975 4867786.3337136 0.00052 0.00026 0.00061
2020 9 3 3890987.7553076 1300010.4773142 4867786.3331646 0.00048 0.00025 0.00058
2020 9 5 3890987.7571798 1300010.4729024 4867786.3321111 0.00057 0.00028 0.00066
2020 9 6 3890987.7520140 1300010.4783686 4867786.3371522 0.00049 0.00025 0.00058
2020 9 8 3890987.7530717 1300010.4758947 4867786.3295798 0.00070 0.00033 0.00082
2020 9 9 3890987.7545009 1300010.4741873 4867786.3306085 0.00048 0.00024 0.00058
2020 9 10 3890987.7514907 1300010.4746647 4867786.3305672 0.00058 0.00031 0.00069
2020 9 12 3890987.7552521 1300010.4760313 4867786.3323393 0.00050 0.00025 0.00060
2020 9 13 3890987.7510615 1300010.4748534 4867786.3305936 0.00050 0.00025 0.00060
2020 9 14 3890987.7528678 1300010.4770251 4867786.3296386 0.00042 0.00021 0.00051
2020 9 15 3890987.7541432 1300010.4777565 4867786.3316389 0.00057 0.00029 0.00067
2020 9 16 3890987.7587307 1300010.4761580 4867786.3386014 0.00047 0.00024 0.00056
2020 9 17 3890987.7497516 1300010.4773750 4867786.3309739 0.00053 0.00028 0.00066
2020 9 18 3890987.7537009 1300010.4742863 4867786.3329917 0.00053 0.00030 0.00062
2020 9 19 3890987.7591649 1300010.4778961 4867786.3368398 0.00043 0.00021 0.00051
2020 9 20 3890987.7541512 1300010.4766721 4867786.3326105 0.00059 0.00033 0.00072
2020 9 21 3890987.7511519 1300010.4743129 4867786.3292349 0.00045 0.00022 0.00052
2020 9 22 3890987.7541829 1300010.4764988 4867786.3321098 0.00048 0.00024 0.00056
2020 9 23 3890987.7572302 1300010.4793873 4867786.3345886 0.00048 0.00025 0.00057
2020 9 24 3890987.7553497 1300010.4761901 4867786.3328020 0.00043 0.00022 0.00052
2020 9 25 3890987.7523672 1300010.4756875 4867786.3309361 0.00047 0.00025 0.00055
2020 9 26 3890987.7569572 1300010.4758055 4867786.3311461 0.00044 0.00023 0.00053
2020 9 27 3890987.7550227 1300010.4760784 4867786.3302670 0.00043 0.00023 0.00052
2020 9 28 3890987.7528008 1300010.4853130 4867786.3298689 0.00061 0.00034 0.00069
2020 9 29 3890987.7488609 1300010.4710502 4867786.3235496 0.00055 0.00027 0.00062
2020 9 30 3890987.7488009 1300010.4718741 4867786.3282615 0.00056 0.00028 0.00065
2020 10 1 3890987.7441506 1300010.4749687 4867786.3171903 0.00054 0.00028 0.00063
2020 10 2 3890987.7479720 1300010.4746208 4867786.3214812 0.00057 0.00030 0.00066
2020 10 3 3890987.7582785 1300010.4754299 4867786.3330006 0.00059 0.00030 0.00070
2020 10 4 3890987.7532872 1300010.4737010 4867786.3240617 0.00058 0.00030 0.00068
2020 10 5 3890987.7576169 1300010.4756319 4867786.3304801 0.00052 0.00027 0.00060
2020 10 7 3890987.7551723 1300010.4762584 4867786.3302706 0.00050 0.00024 0.00059
2020 10 8 3890987.7517714 1300010.4763672 4867786.3262943 0.00045 0.00023 0.00054
2020 10 10 3890987.7504939 1300010.4729824 4867786.3260984 0.00045 0.00023 0.00055
2020 10 11 3890987.7530762 1300010.4762737 4867786.3278407 0.00048 0.00026 0.00059
2020 10 12 3890987.7508595 1300010.4762417 4867786.3246987 0.00053 0.00028 0.00066
2020 10 13 3890987.7514285 1300010.4727273 4867786.3239826 0.00045 0.00024 0.00054
2020 10 14 3890987.7514185 1300010.4731370 4867786.3273661 0.00040 0.00020 0.00047
2020 10 15 3890987.7595950 1300010.4735277 4867786.3340309 0.00039 0.00020 0.00047
2020 10 16 3890987.7465687 1300010.4722714 4867786.3230830 0.00049 0.00025 0.00058
2020 10 17 3890987.7535391 1300010.4772309 4867786.3260214 0.00045 0.00023 0.00055
2020 10 18 3890987.7463592 1300010.4722710 4867786.3216064 0.00042 0.00021 0.00051
2020 10 19 3890987.7491526 1300010.4747456 4867786.3241939 0.00046 0.00023 0.00056
2020 10 20 3890987.7464756 1300010.4729394 4867786.3205875 0.00053 0.00026 0.00061
2020 10 21 3890987.7524012 1300010.4732224 4867786.3258110 0.00043 0.00022 0.00051
2020 10 22 3890987.7490978 1300010.4763269 4867786.3271899 0.00046 0.00024 0.00055
2020 10 23 3890987.7550500 1300010.4761232 4867786.3282519 0.00064 0.00030 0.00074
2020 10 24 3890987.7508435 1300010.4762303 4867786.3245789 0.00055 0.00030 0.00064
2020 10 25 3890987.7505839 1300010.4731016 4867786.3279266 0.00053 0.00026 0.00062
2020 10 26 3890987.7550332 1300010.4782240 4867786.3300503 0.00045 0.00023 0.00054
2020 10 27 3890987.7519843 1300010.4743210 4867786.3264780 0.00039 0.00020 0.00048
2020 10 28 3890987.7553489 1300010.4747659 4867786.3305135 0.00042 0.00022 0.00051
2020 10 29 3890987.7451006 1300010.4738558 4867786.3194086 0.00045 0.00024 0.00053
2020 10 30 3890987.7467932 1300010.4711431 4867786.3215637 0.00050 0.00026 0.00058
2020 10 31 3890987.7518707 1300010.4741714 4867786.3269017 0.00047 0.00024 0.00054
2020 11 1 3890987.7486579 1300010.4682777 4867786.3153097 0.00052 0.00028 0.00061
2020 11 2 3890987.7362680 1300010.4691802 4867786.3105678 0.00070 0.00046 0.00081
2020 11 3 3890987.7460479 1300010.4738140 4867786.3201069 0.00045 0.00023 0.00054
2020 11 4 3890987.7463021 1300010.4787257 4867786.3267920 0.00047 0.00025 0.00057
2020 11 5 3890987.7438856 1300010.4714898 4867786.3184588 0.00044 0.00023 0.00054
2020 11 6 3890987.7528722 1300010.4729284 4867786.3292320 0.00046 0.00023 0.00056
2020 11 7 3890987.7495183 1300010.4744169 4867786.3249043 0.00047 0.00022 0.00055
2020 11 8 3890987.7504417 1300010.4743248 4867786.3248428 0.00047 0.00023 0.00057
2020 11 9 3890987.7472296 1300010.4756069 4867786.3273243 0.00051 0.00026 0.00061
2020 11 10 3890987.7498105 1300010.4802039 4867786.3273653 0.00041 0.00021 0.00049
2020 11 11 3890987.7462470 1300010.4733829 4867786.3216275 0.00041 0.00021 0.00049
2020 11 12 3890987.7501047 1300010.4754253 4867786.3257053 0.00038 0.00019 0.00047
2020 11 13 3890987.7499860 1300010.4746167 4867786.3252289 0.00040 0.00020 0.00049
2020 11 14 3890987.7515988 1300010.4751788 4867786.3274484 0.00043 0.00022 0.00053
2020 11 15 3890987.7490923 1300010.4739324 4867786.3229278 0.00043 0.00021 0.00051
2020 11 16 3890987.7483643 1300010.4756843 4867786.3225605 0.00045 0.00022 0.00054
2020 11 17 3890987.7407595 1300010.4718247 4867786.3156433 0.00044 0.00022 0.00053
2020 11 18 3890987.7483450 1300010.4726958 4867786.3236994 0.00053 0.00029 0.00064
2020 11 19 3890987.7453865 1300010.4726275 4867786.3222868 0.00058 0.00034 0.00068
2020 11 20 3890987.7508905 1300010.4773495 4867786.3263250 0.00056 0.00029 0.00065
2020 11 21 3890987.7497857 1300010.4733115 4867786.3250505 0.00050 0.00029 0.00061
2020 11 22 3890987.7506960 1300010.4746969 4867786.3267035 0.00044 0.00022 0.00053
2020 11 23 3890987.7508199 1300010.4748523 4867786.3262534 0.00054 0.00028 0.00064
2020 11 24 3890987.7491946 1300010.4762734 4867786.3270421 0.00048 0.00024 0.00055
2020 11 25 3890987.7564964 1300010.4747093 4867786.3309391 0.00057 0.00032 0.00068
2020 11 26 3890987.7472724 1300010.4795504 4867786.3215222 0.00075 0.00050 0.00072
2020 11 27 3890987.7425173 1300010.4742351 4867786.3238907 0.00042 0.00021 0.00050
2020 11 28 3890987.7490121 1300010.4758016 4867786.3202370 0.00042 0.00020 0.00051
2020 11 29 3890987.7542693 1300010.4745092 4867786.3268605 0.00044 0.00022 0.00054
2020 11 30 3890987.7442091 1300010.4749030 4867786.3201880 0.00059 0.00028 0.00068
2020 12 1 3890987.7518056 1300010.4748333 4867786.3290827 0.00044 0.00022 0.00052
2020 12 2 3890987.7521964 1300010.4746821 4867786.3293256 0.00045 0.00023 0.00053
2020 12 3 3890987.7517766 1300010.4757995 4867786.3269945 0.00046 0.00023 0.00054
2020 12 4 3890987.7500304 1300010.4763683 4867786.3270907 0.00046 0.00025 0.00055
2020 12 5 3890987.7484305 1300010.4742655 4867786.3265828 0.00053 0.00025 0.00064
2020 12 6 3890987.7481570 1300010.4761216 4867786.3188077 0.00053 0.00025 0.00066
2020 12 7 3890987.7519004 1300010.4753616 4867786.3298112 0.00048 0.00023 0.00057
2020 12 8 3890987.7497841 1300010.4745473 4867786.3240993 0.00044 0.00022 0.00054
2020 12 9 3890987.7504377 1300010.4749268 4867786.3266975 0.00041 0.00020 0.00050
2020 12 10 3890987.7499244 1300010.4732374 4867786.3255709 0.00042 0.00020 0.00050
2020 12 11 3890987.7497207 1300010.4723704 4867786.3225739 0.00044 0.00022 0.00052
2020 12 12 3890987.7541280 1300010.4742679 4867786.3269136 0.00046 0.00023 0.00056
2020 12 13 3890987.7481752 1300010.4739415 4867786.3249891 0.00045 0.00022 0.00054
2020 12 14 3890987.7491626 1300010.4698684 4867786.3214464 0.00039 0.00019 0.00048
2020 12 15 3890987.7490160 1300010.4716807 4867786.3220659 0.00044 0.00022 0.00054
2020 12 16 3890987.7439348 1300010.4708964 4867786.3193682 0.00066 0.00039 0.00077
2020 12 17 3890987.7486485 1300010.4724339 4867786.3244942 0.00042 0.00021 0.00049
2020 12 18 3890987.7443632 1300010.4730812 4867786.3233187 0.00037 0.00019 0.00045
2020 12 19 3890987.7453434 1300010.4734844 4867786.3189461 0.00043 0.00021 0.00051
2020 12 20 3890987.7454172 1300010.4726861 4867786.3196417 0.00041 0.00020 0.00049
2020 12 21 3890987.7446958 1300010.4722328 4867786.3201978 0.00043 0.00021 0.00052
2020 12 22 3890987.7444036 1300010.4695432 4867786.3171666 0.00046 0.00024 0.00055
2020 12 23 3890987.7509145 1300010.4691868 4867786.3236653 0.00047 0.00025 0.00055
2020 12 24 3890987.7426107 1300010.4713200 4867786.3168150 0.00048 0.00024 0.00056
2020 12 25 3890987.7468613 1300010.4744364 4867786.3224588 0.00041 0.00020 0.00050
2020 12 26 3890987.7478310 1300010.4735085 4867786.3237659 0.00047 0.00022 0.00055
2020 12 27 3890987.7482665 1300010.4738670 4867786.3251433 0.00054 0.00026 0.00064
2020 12 28 3890987.7520402 1300010.4721722 4867786.3241237 0.00048 0.00023 0.00058
2020 12 29 3890987.7469585 1300010.4713933 4867786.3214097 0.00054 0.00027 0.00064
2020 12 30 3890987.7497482 1300010.4709551 4867786.3227098 0.00053 0.00027 0.00063
2020 12 31 3890987.7482798 1300010.4703245 4867786.3231856 0.00048 0.00026 0.00059
2021 1 1 3890987.7463770 1300010.4728903 4867786.3186761 0.00044 0.00022 0.00054
2021 1 2 3890987.7420008 1300010.4708124 4867786.3168797 0.00046 0.00022 0.00056
2021 1 3 3890987.7514328 1300010.4667490 4867786.3204569 0.00053 0.00029 0.00063
2021 1 4 3890987.7530533 1300010.4728828 4867786.3229985 0.00049 0.00024 0.00059
2021 1 5 3890987.7417922 1300010.4689437 4867786.3188094 0.00051 0.00027 0.00057
2021 1 6 3890987.7402006 1300010.4669641 4867786.3184832 0.00049 0.00024 0.00058
2021 1 7 3890987.7481192 1300010.4745776 4867786.3199990 0.00046 0.00022 0.00058
2021 1 8 3890987.7482070 1300010.4722813 4867786.3229841 0.00047 0.00025 0.00057
2021 1 9 3890987.7475651 1300010.4724425 4867786.3223419 0.00040 0.00020 0.00049
2021 1 10 3890987.7496436 1300010.4730848 4867786.3251421 0.00044 0.00022 0.00054
2021 1 11 3890987.7475709 1300010.4738424 4867786.3255683 0.00055 0.00029 0.00061
2021 1 12 3890987.7459004 1300010.4702643 4867786.3192301 0.00045 0.00023 0.00052
2021 1 13 3890987.7499336 1300010.4737187 4867786.3243546 0.00040 0.00020 0.00049
2021 1 14 3890987.7496944 1300010.4724829 4867786.3232273 0.00047 0.00022 0.00057
2021 1 15 3890987.7481115 1300010.4728136 4867786.3232671 0.00041 0.00021 0.00050
2021 1 16 3890987.7481264 1300010.4740973 4867786.3234742 0.00042 0.00021 0.00051
2021 1 17 3890987.7484651 1300010.4741882 4867786.3246094 0.00046 0.00025 0.00056
2021 1 18 3890987.7427451 1300010.4717986 4867786.3151208 0.00041 0.00020 0.00049
2021 1 19 3890987.7405057 1300010.4748252 4867786.3149759 0.00063 0.00035 0.00072
2021 1 20 3890987.7442649 1300010.4707151 4867786.3200424 0.00053 0.00028 0.00062
2021 1 21 3890987.7479239 1300010.4714481 4867786.3207581 0.00046 0.00023 0.00056
2021 1 22 3890987.7419708 1300010.4694030 4867786.3139098 0.00049 0.00023 0.00058
2021 1 23 3890987.7513975 1300010.4694766 4867786.3236663 0.00047 0.00024 0.00057
2021 1 24 3890987.7427747 1300010.4692053 4867786.3162320 0.00054 0.00028 0.00065
2021 1 25 3890987.7496411 1300010.4740625 4867786.3250701 0.00047 0.00026 0.00055
2021 1 26 3890987.7494098 1300010.4710963 4867786.3234937 0.00046 0.00023 0.00054
2021 1 27 3890987.7464923 1300010.4723009 4867786.3201346 0.00041 0.00020 0.00049
2021 1 28 3890987.7423605 1300010.4726524 4867786.3191914 0.00043 0.00021 0.00051
2021 1 29 3890987.7442855 1300010.4705247 4867786.3176713 0.00042 0.00022 0.00051
2021 1 30 3890987.7487069 1300010.4699258 4867786.3240638 0.00046 0.00022 0.00056
2021 1 31 3890987.7503030 1300010.4717289 4867786.3242525 0.00044 0.00023 0.00055
2021 2 1 3890987.7485197 1300010.4735962 4867786.3231057 0.00045 0.00023 0.00054
2021 2 2 3890987.7518812 1300010.4705836 4867786.3246721 0.00052 0.00029 0.00061
2021 2 3 3890987.7452494 1300010.4686613 4867786.3148972 0.00063 0.00037 0.00074
2021 2 4 3890987.7503791 1300010.4715397 4867786.3236687 0.00054 0.00027 0.00063
2021 2 5 3890987.7497021 1300010.4718298 4867786.3195167 0.00065 0.00031 0.00073
2021 2 6 3890987.7440736 1300010.4702659 4867786.3198104 0.00050 0.00033 0.00060
2021 2 7 3890987.7485730 1300010.4744623 4867786.3271930 0.00060 0.00039 0.00069
2021 2 8 3890987.7468454 1300010.4713075 4867786.3217094 0.00044 0.00023 0.00053
2021 2 9 3890987.7452142 1300010.4746313 4867786.3275222 0.00041 0.00020 0.00051
2021 2 10 3890987.7484327 1300010.4699772 4867786.3223828 0.00038 0.00018 0.00047
2021 2 11 3890987.7487726 1300010.4709517 4867786.3218747 0.00048 0.00022 0.00057
2021 2 12 3890987.7510479 1300010.4695035 4867786.3244046 0.00047 0.00027 0.00055
2021 2 13 3890987.7466909 1300010.4719652 4867786.3207690 0.00040 0.00019 0.00049
2021 2 14 3890987.7436645 1300010.4704880 4867786.3199131 0.00047 0.00026 0.00054
2021 2 15 3890987.7439492 1300010.4705823 4867786.3191147 0.00043 0.00021 0.00050
2021 2 16 3890987.7481558 1300010.4717284 4867786.3229969 0.00058 0.00032 0.00065
2021 2 17 3890987.7406164 1300010.4669577 4867786.3105259 0.00049 0.00025 0.00059
2021 2 18 3890987.7440951 1300010.4715999 4867786.3159127 0.00046 0.00024 0.00055
2021 2 19 3890987.7446947 1300010.4719482 4867786.3156210 0.00044 0.00022 0.00053
2021 2 20 3890987.7512283 1300010.4650006 4867786.3155082 0.00046 0.00024 0.00056
2021 2 21 3890987.7439068 1300010.4712392 4867786.3193927 0.00052 0.00030 0.00057
2021 2 22 3890987.7454868 1300010.4725642 4867786.3194971 0.00060 0.00029 0.00067
2021 2 23 3890987.7429233 1300010.4652574 4867786.3253678 0.00056 0.00028 0.00064
2021 2 24 3890987.7482417 1300010.4717621 4867786.3233752 0.00060 0.00030 0.00068
2021 2 25 3890987.7459975 1300010.4707997 4867786.3212688 0.00039 0.00019 0.00049
2021 2 26 3890987.7454993 1300010.4701822 4867786.3197407 0.00045 0.00022 0.00057
2021 2 27 3890987.7458916 1300010.4740276 4867786.3242972 0.00056 0.00031 0.00063
2021 2 28 3890987.7488741 1300010.4700299 4867786.3245624 0.00049 0.00024 0.00057
2021 3 1 3890987.7522541 1300010.4652702 4867786.3172845 0.00058 0.00045 0.00067
2021 3 2 3890987.7393909 1300010.4703591 4867786.3191380 0.00040 0.00020 0.00049
2021 3 3 3890987.7450078 1300010.4710307 4867786.3216558 0.00049 0.00024 0.00058
2021 3 4 3890987.7454261 1300010.4697740 4867786.3203990 0.00043 0.00022 0.00053
2021 3 5 3890987.7424252 1300010.4701851 4867786.3189920 0.00052 0.00027 0.00065
2021 3 6 3890987.7440106 1300010.4692997 4867786.3167126 0.00045 0.00023 0.00056
2021 3 7 3890987.7432894 1300010.4700108 4867786.3171027 0.00046 0.00023 0.00056
2021 3 8 3890987.7446693 1300010.4704066 4867786.3196245 0.00048 0.00023 0.00059
2021 3 9 3890987.7433296 1300010.4699139 4867786.3195555 0.00044 0.00021 0.00054
2021 3 10 3890987.7439790 1300010.4697498 4867786.3191795 0.00045 0.00023 0.00054
2021 3 11 3890987.7418670 1300010.4687668 4867786.3154941 0.00054 0.00028 0.00065
2021 3 12 3890987.7394416 1300010.4688645 4867786.3122510 0.00066 0.00034 0.00077
2021 3 13 3890987.7436282 1300010.4665318 4867786.3164405 0.00048 0.00026 0.00060
2021 3 14 3890987.7460146 1300010.4708184 4867786.3199116 0.00044 0.00022 0.00054
2021 3 15 3890987.7487610 1300010.4728839 4867786.3239585 0.00044 0.00022 0.00054
2021 3 16 3890987.7428678 1300010.4767350 4867786.3202937 0.00049 0.00025 0.00058
2021 3 17 3890987.7498790 1300010.4706628 4867786.3225873 0.00043 0.00022 0.00052
2021 3 18 3890987.7450309 1300010.4702984 4867786.3194268 0.00042 0.00021 0.00052
2021 3 19 3890987.7410805 1300010.4688901 4867786.3156563 0.00042 0.00020 0.00052
2021 3 20 3890987.7451279 1300010.4711368 4867786.3203414 0.00046 0.00024 0.00055
2021 3 21 3890987.7406750 1300010.4710941 4867786.3158084 0.00046 0.00025 0.00058
2021 3 22 3890987.7478617 1300010.4690735 4867786.3222032 0.00043 0.00021 0.00054
